#Kinovea Trajectory data export
#T X Y
0:00:00:00 495,00 683,00 
0:00:00:03 489,00 687,00 
0:00:00:06 481,00 690,00 
0:00:00:10 474,00 692,00 
0:00:00:13 467,00 691,00 
0:00:00:16 462,00 690,00 
0:00:00:20 458,00 689,00 
0:00:00:23 455,00 685,00 
0:00:00:26 452,00 680,00 
0:00:00:30 450,00 675,00 
0:00:00:33 447,00 669,00 
0:00:00:36 445,00 665,00 
0:00:00:40 441,00 663,00 
0:00:00:43 437,00 666,00 
0:00:00:46 432,00 671,00 
0:00:00:50 427,00 680,00 
0:00:00:53 422,00 690,00 
0:00:00:56 418,00 702,00 
0:00:00:60 414,00 713,00 
0:00:00:63 411,00 724,00 
0:00:00:66 409,00 732,00 
0:00:00:70 407,00 738,00 
0:00:00:73 403,00 742,00 
0:00:00:76 399,00 742,00 
0:00:00:80 395,00 741,00 
0:00:00:83 390,00 737,00 
0:00:00:86 386,00 731,00 
0:00:00:90 379,00 721,00 
0:00:00:93 375,00 712,00 
0:00:00:96 370,00 702,00 
0:00:01:00 366,00 693,00 
0:00:01:03 363,00 687,00 
0:00:01:06 361,00 685,00 
0:00:01:10 360,00 687,00 
0:00:01:13 360,00 693,00 
0:00:01:16 360,00 700,00 
0:00:01:20 360,00 709,00 
0:00:01:23 360,00 717,00 
0:00:01:26 361,00 726,00 
0:00:01:30 361,00 732,00 
0:00:01:33 362,00 737,00 
0:00:01:36 363,00 740,00 
0:00:01:40 365,00 742,00 
0:00:01:43 367,00 742,00 
0:00:01:46 370,00 741,00 
0:00:01:50 373,00 738,00 
0:00:01:53 376,00 734,00 
0:00:01:56 379,00 729,00 
0:00:01:60 382,00 723,00 
0:00:01:63 385,00 718,00 
0:00:01:66 387,00 715,00 
0:00:01:70 390,00 714,00 
0:00:01:73 393,00 717,00 
0:00:01:76 396,00 722,00 
0:00:01:80 399,00 730,00 
0:00:01:83 402,00 739,00 
0:00:01:86 406,00 748,00 
0:00:01:90 411,00 757,00 
0:00:01:93 416,00 765,00 
0:00:01:96 423,00 771,00 
0:00:02:00 429,00 775,00 
0:00:02:03 436,00 777,00 
0:00:02:06 442,00 777,00 
0:00:02:10 448,00 776,00 
0:00:02:13 454,00 772,00 
0:00:02:16 459,00 768,00 
0:00:02:20 464,00 763,00 
0:00:02:23 469,00 758,00 
0:00:02:26 474,00 755,00 
0:00:02:30 479,00 753,00 
0:00:02:33 484,00 753,00 
0:00:02:36 489,00 757,00 
0:00:02:40 493,00 763,00 
0:00:02:43 498,00 772,00 
0:00:02:46 502,00 783,00 
0:00:02:50 507,00 794,00 
0:00:02:53 511,00 805,00 
0:00:02:56 515,00 814,00 
0:00:02:60 517,00 822,00 
0:00:02:63 518,00 827,00 
0:00:02:66 518,00 830,00 
0:00:02:70 516,00 831,00 
0:00:02:73 511,00 830,00 
0:00:02:76 503,00 826,00 
0:00:02:80 493,00 820,00 
0:00:02:83 483,00 815,00 
0:00:02:86 472,00 809,00 
0:00:02:90 461,00 803,00 
0:00:02:93 450,00 797,00 
0:00:02:96 438,00 792,00 
0:00:03:00 426,00 789,00 
0:00:03:03 414,00 789,00 
0:00:03:06 404,00 794,00 
0:00:03:10 394,00 802,00 
0:00:03:13 385,00 810,00 
0:00:03:16 377,00 819,00 
0:00:03:20 370,00 827,00 
0:00:03:23 364,00 831,00 
0:00:03:26 358,00 832,00 
0:00:03:30 352,00 830,00 
0:00:03:33 344,00 823,00 
0:00:03:37 337,00 814,00 
0:00:03:40 330,00 801,00 
0:00:03:43 323,00 786,00 
0:00:03:47 318,00 771,00 
0:00:03:50 314,00 756,00 
0:00:03:53 310,00 741,00 
0:00:03:57 308,00 728,00 
0:00:03:60 308,00 717,00 
0:00:03:63 308,00 711,00 
0:00:03:67 309,00 707,00 
0:00:03:70 311,00 707,00 
0:00:03:73 314,00 709,00 
0:00:03:77 318,00 712,00 
0:00:03:80 322,00 716,00 
0:00:03:83 326,00 719,00 
0:00:03:87 330,00 721,00 
0:00:03:90 334,00 721,00 
0:00:03:93 336,00 720,00 
0:00:03:97 337,00 718,00 
0:00:04:00 338,00 715,00 
0:00:04:03 339,00 711,00 
0:00:04:07 340,00 705,00 
0:00:04:10 341,00 699,00 
0:00:04:13 344,00 694,00 
0:00:04:17 346,00 688,00 
0:00:04:20 348,00 684,00 
0:00:04:23 350,00 681,00 
0:00:04:27 350,00 681,00 
0:00:04:30 349,00 684,00 
0:00:04:33 347,00 690,00 
0:00:04:37 344,00 698,00 
0:00:04:40 341,00 707,00 
0:00:04:43 337,00 716,00 
0:00:04:47 332,00 723,00 
0:00:04:50 328,00 729,00 
0:00:04:53 324,00 731,00 
0:00:04:57 319,00 732,00 
0:00:04:60 315,00 729,00 
0:00:04:63 312,00 725,00 
0:00:04:67 309,00 719,00 
0:00:04:70 306,00 711,00 
0:00:04:73 303,00 703,00 
0:00:04:77 301,00 696,00 
0:00:04:80 299,00 690,00 
0:00:04:83 298,00 686,00 
0:00:04:87 296,00 686,00 
0:00:04:90 293,00 688,00 
0:00:04:93 290,00 692,00 
0:00:04:97 286,00 697,00 
0:00:05:00 283,00 703,00 
0:00:05:03 279,00 708,00 
0:00:05:07 275,00 713,00 
0:00:05:10 271,00 716,00 
0:00:05:13 266,00 717,00 
0:00:05:17 260,00 715,00 
0:00:05:20 252,00 712,00 
0:00:05:23 245,00 707,00 
0:00:05:27 237,00 702,00 
0:00:05:30 229,00 696,00 
0:00:05:33 221,00 691,00 
0:00:05:37 214,00 685,00 
0:00:05:40 208,00 681,00 
0:00:05:43 206,00 676,00 
0:00:05:47 202,00 674,00 
0:00:05:50 199,00 675,00 
0:00:05:53 198,00 680,00 
0:00:05:57 197,00 687,00 
0:00:05:60 196,00 698,00 
0:00:05:63 196,00 709,00 
0:00:05:67 197,00 721,00 
0:00:05:70 200,00 731,00 


