#Kinovea Trajectory data export
#T X Y
0:00:00:00 447,00 906,00 
0:00:00:01 447,00 906,00 
0:00:00:03 444,00 910,00 
0:00:00:05 444,00 910,00 
0:00:00:06 440,00 914,00 
0:00:00:08 440,00 914,00 
0:00:00:10 434,00 914,00 
0:00:00:11 434,00 914,00 
0:00:00:13 427,00 914,00 
0:00:00:15 427,00 914,00 
0:00:00:17 419,00 912,00 
0:00:00:18 419,00 912,00 
0:00:00:20 410,00 907,00 
0:00:00:22 410,00 907,00 
0:00:00:23 401,00 903,00 
0:00:00:25 401,00 903,00 
0:00:00:27 395,00 897,00 
0:00:00:28 395,00 897,00 
0:00:00:30 389,00 896,00 
0:00:00:32 389,00 896,00 
0:00:00:34 385,00 898,00 
0:00:00:35 385,00 898,00 
0:00:00:37 383,00 902,00 
0:00:00:39 383,00 902,00 
0:00:00:40 383,00 908,00 
0:00:00:42 383,00 908,00 
0:00:00:44 384,00 914,00 
0:00:00:45 384,00 914,00 
0:00:00:47 387,00 920,00 
0:00:00:49 387,00 920,00 
0:00:00:51 389,00 926,00 
0:00:00:52 389,00 926,00 
0:00:00:54 389,00 930,00 
0:00:00:56 389,00 930,00 
0:00:00:57 388,00 934,00 
0:00:00:59 388,00 934,00 
0:00:00:61 385,00 937,00 
0:00:00:62 385,00 937,00 
0:00:00:64 381,00 937,00 
0:00:00:66 381,00 937,00 
0:00:00:68 375,00 935,00 
0:00:00:69 375,00 935,00 
0:00:00:71 368,00 933,00 
0:00:00:73 368,00 933,00 
0:00:00:74 359,00 925,00 
0:00:00:76 359,00 925,00 
0:00:00:78 348,00 917,00 
0:00:00:79 348,00 917,00 
0:00:00:81 335,00 907,00 
0:00:00:83 335,00 907,00 
0:00:00:85 323,00 895,00 
0:00:00:86 323,00 895,00 
0:00:00:88 312,00 885,00 
0:00:00:90 312,00 885,00 
0:00:00:91 303,00 877,00 
0:00:00:93 303,00 877,00 
0:00:00:95 297,00 873,00 
0:00:00:96 297,00 873,00 
0:00:00:98 293,00 873,00 
0:00:01:00 293,00 873,00 
0:00:01:02 292,00 877,00 
0:00:01:03 292,00 877,00 
0:00:01:05 293,00 881,00 
0:00:01:07 293,00 881,00 
0:00:01:08 296,00 889,00 
0:00:01:10 296,00 889,00 
0:00:01:12 299,00 894,00 
0:00:01:13 299,00 894,00 
0:00:01:15 301,00 902,00 
0:00:01:17 301,00 902,00 
0:00:01:19 302,00 908,00 
0:00:01:20 302,00 908,00 
0:00:01:22 302,00 913,00 
0:00:01:24 302,00 913,00 
0:00:01:25 301,00 915,00 
0:00:01:27 301,00 915,00 
0:00:01:29 299,00 915,00 
0:00:01:30 299,00 915,00 
0:00:01:32 295,00 915,00 
0:00:01:34 295,00 915,00 
0:00:01:36 291,00 911,00 
0:00:01:37 291,00 911,00 
0:00:01:39 287,00 905,00 
0:00:01:41 287,00 905,00 
0:00:01:42 283,00 899,00 
0:00:01:44 283,00 899,00 
0:00:01:46 281,00 889,00 
0:00:01:47 281,00 889,00 
0:00:01:49 281,00 879,00 
0:00:01:51 281,00 879,00 
0:00:01:53 283,00 867,00 
0:00:01:54 283,00 867,00 
0:00:01:56 286,00 858,00 
0:00:01:58 286,00 858,00 
0:00:01:59 289,00 854,00 
0:00:01:61 289,00 854,00 
0:00:01:63 292,00 854,00 
0:00:01:64 292,00 854,00 
0:00:01:66 292,00 858,00 
0:00:01:68 292,00 858,00 
0:00:01:70 294,00 866,00 
0:00:01:71 294,00 866,00 
0:00:01:73 297,00 874,00 
0:00:01:75 297,00 874,00 
0:00:01:76 301,00 882,00 
0:00:01:78 301,00 882,00 
0:00:01:80 304,00 890,00 
0:00:01:81 304,00 890,00 
0:00:01:83 306,00 894,00 
0:00:01:85 306,00 894,00 
0:00:01:87 308,00 898,00 
0:00:01:88 308,00 898,00 
0:00:01:90 307,00 901,00 
0:00:01:92 307,00 901,00 
0:00:01:93 306,00 899,00 
0:00:01:95 306,00 899,00 
0:00:01:97 302,00 897,00 
0:00:01:98 302,00 897,00 
0:00:02:00 297,00 893,00 
0:00:02:02 297,00 893,00 
0:00:02:04 290,00 887,00 
0:00:02:05 290,00 887,00 
0:00:02:07 284,00 879,00 
0:00:02:09 284,00 879,00 
0:00:02:10 278,00 869,00 
0:00:02:12 278,00 869,00 
0:00:02:14 272,00 859,00 
0:00:02:15 272,00 859,00 
0:00:02:17 267,00 853,00 
0:00:02:19 267,00 853,00 
0:00:02:21 264,00 849,00 
0:00:02:22 264,00 849,00 
0:00:02:24 262,00 848,00 
0:00:02:26 262,00 848,00 
0:00:02:27 262,00 850,00 
0:00:02:29 262,00 850,00 
0:00:02:31 265,00 854,00 
0:00:02:32 265,00 854,00 
0:00:02:34 269,00 862,00 
0:00:02:36 269,00 862,00 
0:00:02:38 274,00 870,00 
0:00:02:39 274,00 870,00 
0:00:02:41 280,00 876,00 
0:00:02:43 280,00 876,00 
0:00:02:44 284,00 884,00 
0:00:02:46 284,00 884,00 
0:00:02:48 288,00 892,00 
0:00:02:49 288,00 892,00 
0:00:02:51 291,00 898,00 
0:00:02:53 291,00 898,00 
0:00:02:55 293,00 904,00 
0:00:02:56 293,00 904,00 
0:00:02:58 297,00 908,00 
0:00:02:60 297,00 908,00 
0:00:02:61 301,00 910,00 
0:00:02:63 301,00 910,00 
0:00:02:65 304,00 912,00 
0:00:02:66 304,00 912,00 
0:00:02:68 307,00 912,00 
0:00:02:70 307,00 912,00 
0:00:02:72 309,00 909,00 
0:00:02:73 309,00 909,00 
0:00:02:75 312,00 905,00 
0:00:02:77 312,00 905,00 
0:00:02:78 318,00 901,00 
0:00:02:80 318,00 901,00 
0:00:02:82 326,00 898,00 
0:00:02:83 326,00 898,00 
0:00:02:85 337,00 898,00 
0:00:02:87 337,00 898,00 
0:00:02:89 350,00 898,00 
0:00:02:90 350,00 898,00 
0:00:02:92 364,00 906,00 
0:00:02:94 364,00 906,00 
0:00:02:95 381,00 914,00 
0:00:02:97 381,00 914,00 
0:00:02:99 398,00 922,00 
0:00:03:00 398,00 922,00 
0:00:03:02 415,00 930,00 
0:00:03:04 415,00 930,00 
0:00:03:06 429,00 938,00 
0:00:03:07 429,00 938,00 
0:00:03:09 440,00 946,00 
0:00:03:11 440,00 946,00 
0:00:03:12 447,00 954,00 
0:00:03:14 447,00 954,00 
0:00:03:16 453,00 958,00 
0:00:03:17 453,00 958,00 
0:00:03:19 457,00 962,00 
0:00:03:21 457,00 962,00 
0:00:03:23 461,00 962,00 
0:00:03:24 461,00 962,00 
0:00:03:26 462,00 960,00 
0:00:03:28 462,00 960,00 
0:00:03:29 462,00 955,00 
0:00:03:31 462,00 955,00 
0:00:03:33 460,00 949,00 
0:00:03:34 460,00 949,00 
0:00:03:36 456,00 939,00 
0:00:03:38 456,00 939,00 
0:00:03:40 451,00 929,00 
0:00:03:41 451,00 929,00 
0:00:03:43 445,00 921,00 
0:00:03:45 445,00 921,00 
0:00:03:46 440,00 930,00 
0:00:03:48 440,00 930,00 
0:00:03:50 437,00 930,00 
0:00:03:51 437,00 930,00 
0:00:03:53 436,00 931,00 
0:00:03:55 436,00 931,00 
0:00:03:57 439,00 935,00 
0:00:03:58 439,00 935,00 
0:00:03:60 441,00 939,00 
0:00:03:62 441,00 939,00 
0:00:03:63 444,00 943,00 
0:00:03:65 444,00 943,00 
0:00:03:67 444,00 947,00 
0:00:03:68 444,00 947,00 
0:00:03:70 442,00 951,00 
0:00:03:72 442,00 951,00 
0:00:03:74 438,00 953,00 
0:00:03:75 438,00 953,00 
0:00:03:77 432,00 955,00 
0:00:03:79 432,00 955,00 
0:00:03:80 426,00 953,00 
0:00:03:82 426,00 953,00 
0:00:03:84 418,00 952,00 
0:00:03:85 418,00 952,00 
0:00:03:87 409,00 946,00 
0:00:03:89 409,00 946,00 
0:00:03:91 400,00 940,00 
0:00:03:92 400,00 940,00 
0:00:03:94 392,00 934,00 
0:00:03:96 392,00 934,00 
0:00:03:97 387,00 926,00 
0:00:03:99 387,00 926,00 
0:00:04:01 385,00 922,00 
0:00:04:02 385,00 922,00 
0:00:04:04 387,00 921,00 
0:00:04:06 387,00 921,00 
0:00:04:08 392,00 925,00 
0:00:04:09 392,00 925,00 
0:00:04:11 399,00 933,00 
0:00:04:13 399,00 933,00 
0:00:04:14 409,00 941,00 
0:00:04:16 409,00 941,00 
0:00:04:18 419,00 949,00 
0:00:04:19 419,00 949,00 
0:00:04:21 429,00 957,00 
0:00:04:23 429,00 957,00 
0:00:04:25 436,00 963,00 
0:00:04:26 436,00 963,00 
0:00:04:28 439,00 969,00 
0:00:04:30 439,00 969,00 
0:00:04:31 440,00 973,00 
0:00:04:33 440,00 973,00 
0:00:04:35 439,00 974,00 
0:00:04:36 439,00 974,00 
0:00:04:38 436,00 974,00 
0:00:04:40 436,00 974,00 
0:00:04:42 431,00 970,00 
0:00:04:43 431,00 970,00 
0:00:04:45 424,00 966,00 
0:00:04:47 424,00 966,00 
0:00:04:48 417,00 960,00 
0:00:04:50 417,00 960,00 
0:00:04:52 410,00 952,00 
0:00:04:53 410,00 952,00 
0:00:04:55 403,00 944,00 
0:00:04:57 403,00 944,00 
0:00:04:59 398,00 936,00 
0:00:04:60 398,00 936,00 
0:00:04:62 394,00 932,00 
0:00:04:64 394,00 932,00 
0:00:04:65 394,00 931,00 
0:00:04:67 394,00 931,00 
0:00:04:69 397,00 931,00 
0:00:04:70 397,00 931,00 
0:00:04:72 401,00 933,00 
0:00:04:74 401,00 933,00 
0:00:04:76 407,00 937,00 
0:00:04:77 407,00 937,00 
0:00:04:79 412,00 943,00 
0:00:04:81 412,00 943,00 
0:00:04:82 416,00 947,00 
0:00:04:84 416,00 947,00 
0:00:04:86 418,00 951,00 
0:00:04:87 418,00 951,00 
0:00:04:89 417,00 955,00 
0:00:04:91 417,00 955,00 
0:00:04:93 412,00 956,00 
0:00:04:94 412,00 956,00 
0:00:04:96 406,00 956,00 
0:00:04:98 406,00 956,00 
0:00:04:99 399,00 952,00 
0:00:05:01 399,00 952,00 
0:00:05:03 392,00 948,00 
0:00:05:04 392,00 948,00 
0:00:05:06 384,00 942,00 
0:00:05:08 384,00 942,00 
0:00:05:10 377,00 934,00 
0:00:05:11 377,00 934,00 
0:00:05:13 369,00 928,00 
0:00:05:15 369,00 928,00 
0:00:05:16 363,00 924,00 
0:00:05:18 363,00 924,00 
0:00:05:20 359,00 922,00 
0:00:05:21 359,00 922,00 
0:00:05:23 358,00 921,00 
0:00:05:25 358,00 921,00 
0:00:05:27 359,00 925,00 
0:00:05:28 359,00 925,00 
0:00:05:30 361,00 929,00 
0:00:05:32 361,00 929,00 
0:00:05:33 365,00 933,00 
0:00:05:35 365,00 933,00 
0:00:05:37 369,00 939,00 
0:00:05:38 369,00 939,00 
0:00:05:40 372,00 943,00 
0:00:05:42 372,00 943,00 
0:00:05:44 373,00 945,00 
0:00:05:45 373,00 945,00 
0:00:05:47 372,00 948,00 
0:00:05:49 372,00 948,00 
0:00:05:50 370,00 948,00 
0:00:05:52 370,00 948,00 
0:00:05:54 367,00 946,00 
0:00:05:55 367,00 946,00 
0:00:05:57 363,00 944,00 
0:00:05:59 363,00 944,00 
0:00:05:61 359,00 938,00 
0:00:05:62 359,00 938,00 
0:00:05:64 354,00 932,00 
0:00:05:66 354,00 932,00 
0:00:05:67 349,00 924,00 
0:00:05:69 349,00 924,00 
0:00:05:71 346,00 916,00 
0:00:05:72 346,00 916,00 
0:00:05:74 344,00 906,00 
0:00:05:76 344,00 906,00 
0:00:05:78 342,00 896,00 
0:00:05:79 342,00 896,00 
0:00:05:81 342,00 888,00 
0:00:05:83 342,00 888,00 
0:00:05:84 344,00 884,00 
0:00:05:86 344,00 884,00 
0:00:05:88 348,00 883,00 
0:00:05:89 348,00 883,00 
0:00:05:91 352,00 885,00 
0:00:05:93 352,00 885,00 
0:00:05:95 359,00 889,00 
0:00:05:96 359,00 889,00 
0:00:05:98 366,00 895,00 
0:00:06:00 366,00 895,00 
0:00:06:01 371,00 901,00 
0:00:06:03 371,00 901,00 
0:00:06:05 376,00 909,00 
0:00:06:06 376,00 909,00 
0:00:06:08 379,00 917,00 
0:00:06:10 379,00 917,00 
0:00:06:12 382,00 925,00 
0:00:06:13 382,00 925,00 
0:00:06:15 384,00 931,00 
0:00:06:17 384,00 931,00 
0:00:06:18 387,00 937,00 
0:00:06:20 387,00 937,00 
0:00:06:22 391,00 941,00 
0:00:06:23 391,00 941,00 
0:00:06:25 395,00 943,00 
0:00:06:27 395,00 943,00 
0:00:06:29 398,00 943,00 
0:00:06:30 398,00 943,00 
0:00:06:32 402,00 943,00 
0:00:06:34 402,00 943,00 
0:00:06:35 405,00 940,00 
0:00:06:37 405,00 940,00 
0:00:06:39 408,00 936,00 
0:00:06:40 408,00 936,00 
0:00:06:42 409,00 932,00 
0:00:06:44 409,00 932,00 
0:00:06:46 411,00 928,00 
0:00:06:47 411,00 928,00 
0:00:06:49 413,00 928,00 
0:00:06:51 413,00 928,00 
0:00:06:52 419,00 928,00 
0:00:06:54 419,00 928,00 
0:00:06:56 427,00 930,00 
0:00:06:57 427,00 930,00 
0:00:06:59 437,00 932,00 
0:00:06:61 437,00 932,00 
0:00:06:63 449,00 936,00 
0:00:06:64 449,00 936,00 
0:00:06:66 460,00 940,00 
0:00:06:68 460,00 940,00 
0:00:06:69 469,00 944,00 
0:00:06:71 469,00 944,00 
0:00:06:73 475,00 948,00 
0:00:06:74 475,00 948,00 
0:00:06:76 475,00 951,00 
0:00:06:78 475,00 951,00 
0:00:06:80 472,00 951,00 
0:00:06:81 472,00 951,00 
0:00:06:83 467,00 951,00 
0:00:06:85 467,00 951,00 
0:00:06:86 462,00 951,00 
0:00:06:88 462,00 951,00 
0:00:06:90 455,00 949,00 
0:00:06:91 455,00 949,00 
0:00:06:93 448,00 945,00 
0:00:06:95 448,00 945,00 
0:00:06:97 442,00 941,00 
0:00:06:98 442,00 941,00 
0:00:07:00 436,00 937,00 
0:00:07:02 436,00 937,00 
0:00:07:03 432,00 933,00 
0:00:07:05 432,00 933,00 
0:00:07:07 427,00 929,00 
0:00:07:08 427,00 929,00 
0:00:07:10 424,00 929,00 
0:00:07:12 424,00 929,00 
0:00:07:14 423,00 931,00 
0:00:07:15 423,00 931,00 
0:00:07:17 421,00 936,00 
0:00:07:19 421,00 936,00 
0:00:07:20 421,00 940,00 
0:00:07:22 421,00 940,00 
0:00:07:24 421,00 946,00 
0:00:07:25 421,00 946,00 
0:00:07:27 421,00 951,00 
0:00:07:29 421,00 951,00 
0:00:07:31 418,00 953,00 
0:00:07:32 418,00 953,00 
0:00:07:34 411,00 955,00 
0:00:07:36 411,00 955,00 
0:00:07:37 403,00 957,00 
0:00:07:39 403,00 957,00 
0:00:07:41 394,00 955,00 
0:00:07:42 394,00 955,00 
0:00:07:44 384,00 951,00 
0:00:07:46 384,00 951,00 
0:00:07:48 373,00 945,00 
0:00:07:49 373,00 945,00 
0:00:07:51 360,00 937,00 
0:00:07:53 360,00 937,00 
0:00:07:54 349,00 929,00 
0:00:07:56 349,00 929,00 
0:00:07:58 339,00 919,00 
0:00:07:59 339,00 919,00 
0:00:07:61 329,00 909,00 
0:00:07:63 329,00 909,00 
0:00:07:65 322,00 901,00 
0:00:07:66 322,00 901,00 
0:00:07:68 318,00 897,00 
0:00:07:70 318,00 897,00 
0:00:07:71 316,00 898,00 
0:00:07:73 316,00 898,00 
0:00:07:75 317,00 902,00 
0:00:07:76 317,00 902,00 
0:00:07:78 320,00 908,00 
0:00:07:80 320,00 908,00 
0:00:07:82 326,00 914,00 
0:00:07:83 326,00 914,00 
0:00:07:85 332,00 920,00 
0:00:07:87 332,00 920,00 
0:00:07:88 338,00 926,00 
0:00:07:90 338,00 926,00 
0:00:07:92 342,00 932,00 
0:00:07:93 342,00 932,00 
0:00:07:95 343,00 938,00 
0:00:07:97 343,00 938,00 
0:00:07:99 343,00 942,00 
0:00:08:00 343,00 942,00 
0:00:08:02 341,00 942,00 
0:00:08:04 341,00 942,00 
0:00:08:05 338,00 941,00 
0:00:08:07 338,00 941,00 
0:00:08:09 334,00 941,00 
0:00:08:10 334,00 941,00 
0:00:08:12 328,00 937,00 
0:00:08:14 328,00 937,00 
0:00:08:16 322,00 933,00 
0:00:08:17 322,00 933,00 
0:00:08:19 316,00 927,00 
0:00:08:21 316,00 927,00 
0:00:08:22 312,00 923,00 
0:00:08:24 312,00 923,00 
0:00:08:26 310,00 919,00 
0:00:08:27 310,00 919,00 
0:00:08:29 312,00 916,00 
0:00:08:31 312,00 916,00 
0:00:08:33 316,00 916,00 
0:00:08:34 316,00 916,00 
0:00:08:36 323,00 918,00 
0:00:08:38 323,00 918,00 
0:00:08:39 330,00 920,00 
0:00:08:41 330,00 920,00 
0:00:08:43 338,00 922,00 
0:00:08:44 338,00 922,00 
0:00:08:46 345,00 924,00 
0:00:08:48 345,00 924,00 
0:00:08:50 350,00 924,00 
0:00:08:51 350,00 924,00 
0:00:08:53 354,00 926,00 
0:00:08:55 354,00 926,00 
0:00:08:56 356,00 924,00 
0:00:08:58 356,00 924,00 
0:00:08:60 357,00 923,00 
0:00:08:61 357,00 923,00 
0:00:08:63 357,00 921,00 
0:00:08:65 357,00 921,00 
0:00:08:67 356,00 917,00 
0:00:08:68 356,00 917,00 
0:00:08:70 353,00 913,00 
0:00:08:72 353,00 913,00 
0:00:08:73 350,00 907,00 
0:00:08:75 350,00 907,00 
0:00:08:77 347,00 901,00 
0:00:08:78 347,00 901,00 
0:00:08:80 345,00 893,00 
0:00:08:82 345,00 893,00 
0:00:08:84 344,00 887,00 
0:00:08:85 344,00 887,00 
0:00:08:87 346,00 883,00 
0:00:08:89 346,00 883,00 
0:00:08:90 348,00 882,00 
0:00:08:92 348,00 882,00 
0:00:08:94 353,00 882,00 
0:00:08:95 353,00 882,00 
0:00:08:97 358,00 882,00 
0:00:08:99 358,00 882,00 
0:00:09:01 364,00 884,00 
0:00:09:02 364,00 884,00 
0:00:09:04 368,00 884,00 
0:00:09:06 368,00 884,00 
0:00:09:07 371,00 886,00 
0:00:09:09 371,00 886,00 
0:00:09:11 372,00 887,00 
0:00:09:12 372,00 887,00 
0:00:09:14 372,00 887,00 
0:00:09:16 372,00 887,00 
0:00:09:18 369,00 885,00 
0:00:09:19 369,00 885,00 
0:00:09:21 366,00 881,00 
0:00:09:23 366,00 881,00 
0:00:09:24 361,00 875,00 
0:00:09:26 361,00 875,00 
0:00:09:28 354,00 869,00 
0:00:09:29 354,00 869,00 
0:00:09:31 348,00 861,00 
0:00:09:33 348,00 861,00 
0:00:09:35 344,00 851,00 
0:00:09:36 344,00 851,00 
0:00:09:38 343,00 843,00 
0:00:09:40 343,00 843,00 
0:00:09:41 344,00 839,00 
0:00:09:43 344,00 839,00 
0:00:09:45 348,00 836,00 
0:00:09:46 348,00 836,00 
0:00:09:48 353,00 838,00 
0:00:09:50 353,00 838,00 
0:00:09:52 360,00 840,00 
0:00:09:53 360,00 840,00 
0:00:09:55 367,00 842,00 
0:00:09:57 367,00 842,00 
0:00:09:58 374,00 846,00 
0:00:09:60 374,00 846,00 
0:00:09:62 380,00 848,00 
0:00:09:63 380,00 848,00 
0:00:09:65 384,00 850,00 
0:00:09:67 384,00 850,00 
0:00:09:69 386,00 852,00 
0:00:09:70 386,00 852,00 
0:00:09:72 388,00 852,00 
0:00:09:74 388,00 852,00 
0:00:09:75 389,00 852,00 
0:00:09:77 389,00 852,00 
0:00:09:79 390,00 849,00 
0:00:09:80 390,00 849,00 
0:00:09:82 389,00 845,00 
0:00:09:84 389,00 845,00 
0:00:09:86 389,00 841,00 
0:00:09:87 389,00 841,00 
0:00:09:89 388,00 835,00 
0:00:09:91 388,00 835,00 
0:00:09:92 386,00 827,00 
0:00:09:94 386,00 827,00 
0:00:09:96 385,00 821,00 
0:00:09:97 385,00 821,00 
0:00:09:99 384,00 817,00 
0:00:10:01 384,00 817,00 
0:00:10:03 385,00 816,00 
0:00:10:04 385,00 816,00 
0:00:10:06 388,00 818,00 
0:00:10:08 388,00 818,00 
0:00:10:09 393,00 822,00 
0:00:10:11 393,00 822,00 
0:00:10:13 400,00 828,00 
0:00:10:14 400,00 828,00 
0:00:10:16 407,00 834,00 
0:00:10:18 407,00 834,00 
0:00:10:20 413,00 838,00 
0:00:10:21 413,00 838,00 
0:00:10:23 417,00 842,00 
0:00:10:25 417,00 842,00 
0:00:10:26 419,00 844,00 
0:00:10:28 419,00 844,00 
0:00:10:30 419,00 843,00 
0:00:10:31 419,00 843,00 
0:00:10:33 417,00 841,00 
0:00:10:35 417,00 841,00 
0:00:10:37 414,00 839,00 
0:00:10:38 414,00 839,00 
0:00:10:40 408,00 837,00 
0:00:10:42 408,00 837,00 
0:00:10:43 401,00 833,00 
0:00:10:45 401,00 833,00 
0:00:10:47 393,00 829,00 
0:00:10:48 393,00 829,00 
0:00:10:50 386,00 819,00 
0:00:10:52 386,00 819,00 
0:00:10:54 381,00 811,00 
0:00:10:55 381,00 811,00 
0:00:10:57 376,00 805,00 
0:00:10:59 376,00 805,00 
0:00:10:60 373,00 801,00 
0:00:10:62 373,00 801,00 
0:00:10:64 372,00 799,00 
0:00:10:65 372,00 799,00 
0:00:10:67 371,00 798,00 
0:00:10:69 371,00 798,00 
0:00:10:71 372,00 802,00 
0:00:10:72 372,00 802,00 
0:00:10:74 372,00 804,00 
0:00:10:76 372,00 804,00 
0:00:10:77 372,00 808,00 
0:00:10:79 372,00 808,00 
0:00:10:81 372,00 812,00 
0:00:10:82 372,00 812,00 
0:00:10:84 369,00 815,00 
0:00:10:86 369,00 815,00 
0:00:10:88 364,00 819,00 
0:00:10:89 364,00 819,00 
0:00:10:91 357,00 821,00 
0:00:10:93 357,00 821,00 
0:00:10:94 348,00 821,00 
0:00:10:96 348,00 821,00 
0:00:10:98 336,00 821,00 
0:00:10:99 336,00 821,00 
0:00:11:01 324,00 819,00 
0:00:11:03 324,00 819,00 
0:00:11:05 312,00 817,00 
0:00:11:06 312,00 817,00 
0:00:11:08 300,00 813,00 
0:00:11:10 300,00 813,00 
0:00:11:11 290,00 809,00 
0:00:11:13 290,00 809,00 
0:00:11:15 280,00 803,00 
0:00:11:16 280,00 803,00 
0:00:11:18 272,00 799,00 
0:00:11:20 272,00 799,00 
0:00:11:22 266,00 799,00 
0:00:11:23 266,00 799,00 
0:00:11:25 263,00 800,00 
0:00:11:27 263,00 800,00 
0:00:11:28 262,00 804,00 
0:00:11:30 262,00 804,00 
0:00:11:33 263,00 810,00 
0:00:11:35 265,00 814,00 
0:00:11:37 265,00 814,00 
0:00:11:39 268,00 820,00 
0:00:11:40 268,00 820,00 
0:00:11:44 270,00 824,00 
0:00:11:45 271,00 828,00 
0:00:11:47 271,00 828,00 
0:00:11:49 271,00 830,00 
0:00:11:50 271,00 830,00 
0:00:11:54 270,00 830,00 
0:00:11:56 270,00 829,00 
0:00:11:57 270,00 829,00 
0:00:11:59 268,00 827,00 
0:00:11:61 268,00 827,00 
0:00:11:64 266,00 825,00 
0:00:11:66 264,00 821,00 
0:00:11:67 264,00 821,00 
0:00:11:69 262,00 817,00 
0:00:11:71 262,00 817,00 
0:00:11:74 261,00 811,00 
0:00:11:76 260,00 807,00 
0:00:11:78 260,00 807,00 
0:00:11:79 260,00 803,00 
0:00:11:81 260,00 803,00 
0:00:11:84 261,00 802,00 
0:00:11:86 262,00 804,00 
0:00:11:88 262,00 804,00 
0:00:11:90 264,00 808,00 
0:00:11:91 264,00 808,00 
0:00:11:95 266,00 812,00 
0:00:11:96 268,00 818,00 
0:00:11:98 268,00 818,00 
0:00:12:00 270,00 824,00 
0:00:12:01 270,00 824,00 
0:00:12:05 270,00 828,00 
0:00:12:07 270,00 832,00 
0:00:12:08 270,00 832,00 
0:00:12:10 269,00 836,00 
0:00:12:12 269,00 836,00 
0:00:12:15 267,00 838,00 
0:00:12:17 266,00 839,00 
0:00:12:18 266,00 839,00 
0:00:12:20 264,00 839,00 
0:00:12:22 264,00 839,00 
0:00:12:25 262,00 839,00 
0:00:12:27 259,00 837,00 
0:00:12:29 259,00 837,00 
0:00:12:30 255,00 833,00 
0:00:12:32 256,00 833,00 
0:00:12:35 253,00 831,00 
0:00:12:37 250,00 827,00 
0:00:12:39 251,00 827,00 
0:00:12:41 248,00 823,00 
0:00:12:42 248,00 823,00 
0:00:12:46 248,00 823,00 
0:00:12:47 248,00 822,00 
0:00:12:49 248,00 822,00 
0:00:12:51 250,00 824,00 
0:00:12:52 250,00 824,00 
0:00:12:56 253,00 828,00 
0:00:12:58 257,00 832,00 
0:00:12:59 257,00 832,00 
0:00:12:63 260,00 836,00 
0:00:12:64 263,00 840,00 
0:00:12:66 263,00 840,00 
0:00:12:69 264,00 842,00 
0:00:12:71 264,00 846,00 
0:00:12:73 264,00 846,00 
0:00:12:76 264,00 847,00 
0:00:12:78 262,00 845,00 
0:00:12:80 262,00 845,00 
0:00:12:81 262,00 845,00 
0:00:12:83 262,00 845,00 
0:00:12:86 260,00 843,00 
0:00:12:88 258,00 839,00 
0:00:12:90 258,00 839,00 
0:00:12:92 257,00 837,00 
0:00:12:93 257,00 837,00 
0:00:12:97 256,00 833,00 
0:00:12:98 257,00 829,00 
0:00:13:00 257,00 829,00 
0:00:13:02 258,00 827,00 
0:00:13:03 258,00 827,00 
0:00:13:07 259,00 826,00 
0:00:13:09 263,00 828,00 
0:00:13:10 263,00 828,00 
0:00:13:12 267,00 830,00 
0:00:13:14 267,00 830,00 
0:00:13:17 273,00 834,00 
0:00:13:19 279,00 840,00 
0:00:13:20 279,00 840,00 
0:00:13:22 285,00 844,00 
0:00:13:24 285,00 844,00 
0:00:13:27 290,00 848,00 
0:00:13:29 295,00 852,00 
0:00:13:31 295,00 852,00 
0:00:13:32 299,00 856,00 
0:00:13:34 299,00 856,00 
0:00:13:37 303,00 858,00 
0:00:13:39 307,00 860,00 
0:00:13:41 307,00 860,00 
0:00:13:43 311,00 860,00 
0:00:13:44 311,00 860,00 
0:00:13:48 315,00 862,00 
0:00:13:49 319,00 862,00 
0:00:13:51 319,00 862,00 
0:00:13:53 322,00 862,00 
0:00:13:54 322,00 862,00 
0:00:13:58 326,00 862,00 
0:00:13:60 330,00 862,00 
0:00:13:61 330,00 862,00 
0:00:13:63 334,00 864,00 
0:00:13:65 334,00 864,00 
0:00:13:68 337,00 864,00 
0:00:13:70 342,00 868,00 
0:00:13:71 342,00 868,00 
0:00:13:73 348,00 872,00 
0:00:13:75 348,00 872,00 
0:00:13:78 355,00 876,00 
0:00:13:80 363,00 880,00 
0:00:13:82 363,00 880,00 
0:00:13:83 371,00 884,00 
0:00:13:85 371,00 884,00 
0:00:13:87 377,00 888,00 
0:00:13:88 377,00 888,00 
0:00:13:92 381,00 892,00 
0:00:13:94 383,00 894,00 
0:00:13:95 383,00 894,00 
0:00:13:99 385,00 894,00 
0:00:14:00 386,00 894,00 
0:00:14:02 386,00 894,00 
0:00:14:04 387,00 893,00 
0:00:14:05 387,00 893,00 
0:00:14:09 388,00 891,00 
0:00:14:11 389,00 889,00 
0:00:14:12 389,00 889,00 
0:00:14:14 391,00 885,00 
0:00:14:16 391,00 885,00 
0:00:14:19 393,00 881,00 
0:00:14:21 395,00 877,00 
0:00:14:22 395,00 877,00 
0:00:14:24 398,00 873,00 
0:00:14:26 398,00 873,00 
0:00:14:29 402,00 871,00 
0:00:14:31 407,00 873,00 
0:00:14:33 407,00 873,00 
0:00:14:34 412,00 874,00 
0:00:14:36 412,00 874,00 
0:00:14:38 417,00 876,00 
0:00:14:39 417,00 876,00 
0:00:14:43 422,00 880,00 
0:00:14:45 425,00 882,00 
0:00:14:46 425,00 882,00 
0:00:14:50 427,00 886,00 
0:00:14:51 428,00 888,00 
0:00:14:53 428,00 888,00 
0:00:14:55 427,00 890,00 
0:00:14:56 427,00 890,00 
0:00:14:60 425,00 890,00 
0:00:14:62 423,00 890,00 
0:00:14:63 423,00 890,00 
0:00:14:65 421,00 890,00 
0:00:14:67 421,00 890,00 
0:00:14:70 419,00 888,00 
0:00:14:72 416,00 884,00 
0:00:14:73 416,00 884,00 
0:00:14:75 413,00 880,00 
0:00:14:77 413,00 880,00 
0:00:14:80 410,00 876,00 
0:00:14:82 407,00 872,00 
0:00:14:84 407,00 872,00 
0:00:14:85 405,00 868,00 
0:00:14:87 405,00 868,00 
0:00:14:89 403,00 866,00 
0:00:14:90 403,00 866,00 
0:00:14:92 401,00 864,00 
0:00:14:94 401,00 864,00 
0:00:14:96 400,00 866,00 
0:00:14:97 400,00 866,00 
0:00:15:01 400,00 868,00 
0:00:15:02 400,00 872,00 
0:00:15:04 400,00 872,00 
0:00:15:06 400,00 878,00 
0:00:15:07 400,00 878,00 
0:00:15:11 400,00 882,00 
0:00:15:13 400,00 886,00 
0:00:15:14 400,00 886,00 
0:00:15:16 399,00 888,00 
0:00:15:18 399,00 888,00 
0:00:15:21 396,00 890,00 
0:00:15:23 393,00 890,00 
0:00:15:24 393,00 890,00 
0:00:15:26 389,00 886,00 
0:00:15:28 389,00 886,00 
0:00:15:31 386,00 884,00 
0:00:15:33 382,00 878,00 
0:00:15:35 382,00 878,00 
0:00:15:36 379,00 872,00 
0:00:15:38 379,00 872,00 
0:00:15:40 376,00 866,00 
0:00:15:41 376,00 866,00 
0:00:15:43 374,00 856,00 
0:00:15:45 374,00 856,00 
0:00:15:47 372,00 848,00 
0:00:15:48 372,00 848,00 
0:00:15:50 371,00 842,00 
0:00:15:52 371,00 842,00 
0:00:15:53 372,00 838,00 
0:00:15:55 372,00 838,00 
0:00:15:57 373,00 835,00 
0:00:15:58 373,00 835,00 
0:00:15:60 375,00 833,00 
0:00:15:62 375,00 833,00 
0:00:15:64 378,00 833,00 
0:00:15:65 378,00 833,00 
0:00:15:67 382,00 833,00 
0:00:15:69 382,00 833,00 
0:00:15:70 387,00 833,00 
0:00:15:72 387,00 833,00 
0:00:15:74 392,00 833,00 
0:00:15:75 392,00 833,00 
0:00:15:77 398,00 833,00 
0:00:15:79 398,00 833,00 
0:00:15:81 403,00 833,00 
0:00:15:82 403,00 833,00 
0:00:15:84 410,00 833,00 
0:00:15:86 410,00 833,00 
0:00:15:87 416,00 831,00 
0:00:15:89 416,00 831,00 
0:00:15:91 423,00 829,00 
0:00:15:92 423,00 829,00 
0:00:15:94 430,00 827,00 
0:00:15:96 430,00 827,00 
0:00:15:98 436,00 823,00 
0:00:15:99 436,00 823,00 
0:00:16:01 442,00 819,00 
0:00:16:03 442,00 819,00 
0:00:16:04 448,00 813,00 
0:00:16:06 448,00 813,00 
0:00:16:08 455,00 807,00 
0:00:16:09 455,00 807,00 
0:00:16:11 462,00 803,00 
0:00:16:13 462,00 803,00 
0:00:16:14 469,00 799,00 
0:00:16:16 469,00 799,00 
0:00:16:18 477,00 799,00 
0:00:16:20 477,00 799,00 
0:00:16:21 484,00 799,00 
0:00:16:23 484,00 799,00 
0:00:16:25 491,00 801,00 


