#Kinovea Trajectory data export
#T X Y
0:00:00:00 612,00 823,00 
0:00:00:01 612,00 826,00 
0:00:00:01 608,00 830,00 
0:00:00:03 608,00 830,00 
0:00:00:05 604,00 832,00 
0:00:00:06 604,00 832,00 
0:00:00:08 599,00 836,00 
0:00:00:10 599,00 836,00 
0:00:00:11 594,00 840,00 
0:00:00:13 594,00 840,00 
0:00:00:15 587,00 842,00 
0:00:00:17 587,00 842,00 
0:00:00:18 579,00 846,00 
0:00:00:20 579,00 846,00 
0:00:00:22 572,00 848,00 
0:00:00:23 572,00 848,00 
0:00:00:25 564,00 848,00 
0:00:00:27 564,00 848,00 
0:00:00:28 556,00 846,00 
0:00:00:30 556,00 846,00 
0:00:00:32 551,00 842,00 
0:00:00:34 551,00 842,00 
0:00:00:35 546,00 840,00 
0:00:00:37 546,00 840,00 
0:00:00:39 543,00 838,00 
0:00:00:40 543,00 838,00 
0:00:00:42 540,00 838,00 
0:00:00:44 540,00 838,00 
0:00:00:45 537,00 836,00 
0:00:00:47 537,00 836,00 
0:00:00:49 534,00 836,00 
0:00:00:51 534,00 836,00 
0:00:00:52 531,00 836,00 
0:00:00:54 531,00 836,00 
0:00:00:56 529,00 840,00 
0:00:00:57 529,00 840,00 
0:00:00:59 530,00 844,00 
0:00:00:61 530,00 844,00 
0:00:00:62 530,00 850,00 
0:00:00:64 530,00 850,00 
0:00:00:66 528,00 854,00 
0:00:00:68 528,00 854,00 
0:00:00:69 524,00 858,00 
0:00:00:71 524,00 858,00 
0:00:00:73 520,00 860,00 
0:00:00:74 520,00 860,00 
0:00:00:76 515,00 862,00 
0:00:00:78 515,00 862,00 
0:00:00:79 509,00 862,00 
0:00:00:81 509,00 862,00 
0:00:00:83 501,00 860,00 
0:00:00:85 501,00 860,00 
0:00:00:86 494,00 856,00 
0:00:00:86 494,00 856,00 
0:00:00:88 488,00 851,00 
0:00:00:90 488,00 851,00 
0:00:00:91 483,00 843,00 
0:00:00:93 483,00 843,00 
0:00:00:95 481,00 837,00 
0:00:00:96 481,00 837,00 
0:00:00:98 479,00 835,00 
0:00:01:00 479,00 835,00 
0:00:01:02 478,00 835,00 
0:00:01:03 478,00 835,00 
0:00:01:05 478,00 834,00 
0:00:01:07 478,00 834,00 
0:00:01:08 477,00 833,00 
0:00:01:10 477,00 833,00 
0:00:01:12 476,00 832,00 
0:00:01:13 476,00 832,00 
0:00:01:15 475,00 832,00 
0:00:01:17 475,00 832,00 
0:00:01:19 476,00 836,00 
0:00:01:20 476,00 836,00 
0:00:01:22 477,00 838,00 
0:00:01:24 477,00 838,00 
0:00:01:25 478,00 842,00 
0:00:01:27 478,00 842,00 
0:00:01:29 477,00 846,00 
0:00:01:30 477,00 846,00 
0:00:01:32 478,00 848,00 
0:00:01:34 478,00 848,00 
0:00:01:36 479,00 850,00 
0:00:01:37 479,00 850,00 
0:00:01:39 479,00 852,00 
0:00:01:41 479,00 852,00 
0:00:01:42 480,00 852,00 
0:00:01:44 480,00 852,00 
0:00:01:46 481,00 851,00 
0:00:01:47 481,00 851,00 
0:00:01:49 482,00 853,00 
0:00:01:51 482,00 853,00 
0:00:01:53 483,00 851,00 
0:00:01:54 483,00 851,00 
0:00:01:56 485,00 847,00 
0:00:01:58 485,00 847,00 
0:00:01:59 486,00 843,00 
0:00:01:61 486,00 843,00 
0:00:01:63 486,00 839,00 
0:00:01:64 486,00 839,00 
0:00:01:66 485,00 837,00 
0:00:01:68 485,00 837,00 
0:00:01:70 484,00 837,00 
0:00:01:71 484,00 837,00 
0:00:01:71 484,00 836,00 
0:00:01:73 484,00 836,00 
0:00:01:75 483,00 838,00 
0:00:01:76 483,00 838,00 
0:00:01:78 484,00 840,00 
0:00:01:80 484,00 840,00 
0:00:01:81 487,00 842,00 
0:00:01:83 487,00 842,00 
0:00:01:85 492,00 846,00 
0:00:01:87 492,00 846,00 
0:00:01:88 495,00 852,00 
0:00:01:90 495,00 852,00 
0:00:01:92 494,00 858,00 
0:00:01:93 494,00 858,00 
0:00:01:95 492,00 862,00 
0:00:01:97 492,00 862,00 
0:00:01:98 490,00 862,00 
0:00:02:00 490,00 862,00 
0:00:02:02 489,00 864,00 
0:00:02:04 489,00 864,00 
0:00:02:05 486,00 862,00 
0:00:02:07 486,00 862,00 
0:00:02:09 482,00 859,00 
0:00:02:10 482,00 859,00 
0:00:02:12 478,00 853,00 
0:00:02:14 478,00 853,00 
0:00:02:15 474,00 847,00 
0:00:02:17 474,00 847,00 
0:00:02:19 472,00 841,00 
0:00:02:21 472,00 841,00 
0:00:02:22 472,00 839,00 
0:00:02:24 472,00 839,00 
0:00:02:26 474,00 837,00 
0:00:02:27 474,00 837,00 
0:00:02:29 476,00 835,00 
0:00:02:31 476,00 835,00 
0:00:02:32 479,00 833,00 
0:00:02:34 479,00 833,00 
0:00:02:36 481,00 831,00 
0:00:02:38 481,00 831,00 
0:00:02:39 482,00 831,00 
0:00:02:41 482,00 831,00 
0:00:02:43 484,00 832,00 
0:00:02:44 484,00 832,00 
0:00:02:46 488,00 836,00 
0:00:02:48 488,00 836,00 
0:00:02:49 493,00 840,00 
0:00:02:51 493,00 840,00 
0:00:02:53 498,00 844,00 
0:00:02:55 498,00 844,00 
0:00:02:56 503,00 848,00 
0:00:02:56 503,00 848,00 
0:00:02:58 509,00 854,00 
0:00:02:60 509,00 854,00 
0:00:02:61 515,00 859,00 
0:00:02:63 515,00 859,00 
0:00:02:65 519,00 862,00 
0:00:02:66 519,00 862,00 
0:00:02:68 523,00 866,00 
0:00:02:70 523,00 866,00 
0:00:02:72 528,00 869,00 
0:00:02:73 528,00 869,00 
0:00:02:75 534,00 869,00 
0:00:02:77 534,00 869,00 
0:00:02:78 542,00 869,00 
0:00:02:80 542,00 869,00 
0:00:02:82 551,00 865,00 
0:00:02:83 551,00 865,00 
0:00:02:85 560,00 861,00 
0:00:02:87 560,00 861,00 
0:00:02:89 572,00 859,00 
0:00:02:90 572,00 859,00 
0:00:02:92 583,00 857,00 
0:00:02:94 583,00 857,00 
0:00:02:95 593,00 857,00 
0:00:02:97 593,00 857,00 
0:00:02:99 601,00 859,00 
0:00:03:00 601,00 859,00 
0:00:03:02 610,00 863,00 
0:00:03:04 610,00 863,00 
0:00:03:06 619,00 869,00 
0:00:03:07 619,00 869,00 
0:00:03:09 628,00 874,00 
0:00:03:11 628,00 874,00 
0:00:03:12 633,00 878,00 
0:00:03:14 633,00 878,00 
0:00:03:16 637,00 882,00 
0:00:03:17 637,00 882,00 
0:00:03:19 640,00 883,00 
0:00:03:21 640,00 883,00 
0:00:03:23 642,00 884,00 
0:00:03:24 642,00 884,00 
0:00:03:26 642,00 885,00 
0:00:03:28 642,00 885,00 
0:00:03:29 640,00 881,00 
0:00:03:31 640,00 881,00 
0:00:03:33 637,00 875,00 
0:00:03:34 637,00 875,00 
0:00:03:36 632,00 871,00 
0:00:03:38 632,00 871,00 
0:00:03:40 627,00 865,00 
0:00:03:41 627,00 865,00 
0:00:03:41 622,00 858,00 
0:00:03:43 622,00 858,00 
0:00:03:45 618,00 853,00 
0:00:03:46 618,00 853,00 
0:00:03:48 615,00 851,00 
0:00:03:50 615,00 851,00 
0:00:03:51 612,00 848,00 
0:00:03:53 612,00 848,00 
0:00:03:55 607,00 844,00 
0:00:03:57 607,00 844,00 
0:00:03:58 601,00 842,00 
0:00:03:60 601,00 842,00 
0:00:03:62 596,00 842,00 
0:00:03:63 596,00 842,00 
0:00:03:65 593,00 842,00 
0:00:03:67 593,00 842,00 
0:00:03:68 590,00 844,00 
0:00:03:70 590,00 844,00 
0:00:03:72 588,00 848,00 
0:00:03:74 588,00 848,00 
0:00:03:75 586,00 852,00 
0:00:03:77 586,00 852,00 
0:00:03:79 584,00 856,00 
0:00:03:80 584,00 856,00 
0:00:03:82 581,00 860,00 
0:00:03:84 581,00 860,00 
0:00:03:85 577,00 862,00 
0:00:03:87 577,00 862,00 
0:00:03:89 574,00 864,00 
0:00:03:91 574,00 864,00 
0:00:03:92 572,00 863,00 
0:00:03:94 572,00 863,00 
0:00:03:96 571,00 861,00 
0:00:03:97 571,00 861,00 
0:00:03:99 572,00 857,00 
0:00:04:01 572,00 857,00 
0:00:04:02 574,00 855,00 
0:00:04:04 574,00 855,00 
0:00:04:06 576,00 853,00 
0:00:04:08 576,00 853,00 
0:00:04:09 579,00 853,00 
0:00:04:11 579,00 853,00 
0:00:04:13 580,00 853,00 
0:00:04:14 580,00 853,00 
0:00:04:16 580,00 854,00 
0:00:04:18 580,00 854,00 
0:00:04:19 579,00 858,00 
0:00:04:21 579,00 858,00 
0:00:04:23 585,00 861,00 
0:00:04:25 585,00 861,00 
0:00:04:26 590,00 864,00 
0:00:04:26 590,00 864,00 
0:00:04:28 589,00 870,00 
0:00:04:30 589,00 870,00 
0:00:04:31 590,00 874,00 
0:00:04:33 590,00 874,00 
0:00:04:35 589,00 876,00 
0:00:04:36 589,00 876,00 
0:00:04:38 588,00 878,00 
0:00:04:40 588,00 878,00 
0:00:04:42 586,00 878,00 
0:00:04:43 586,00 878,00 
0:00:04:45 583,00 877,00 
0:00:04:47 583,00 877,00 
0:00:04:48 580,00 873,00 
0:00:04:50 580,00 873,00 
0:00:04:52 578,00 869,00 
0:00:04:53 578,00 869,00 
0:00:04:55 576,00 865,00 
0:00:04:57 576,00 865,00 
0:00:04:59 576,00 861,00 
0:00:04:60 576,00 861,00 
0:00:04:62 577,00 857,00 
0:00:04:64 577,00 857,00 
0:00:04:65 579,00 855,00 
0:00:04:67 579,00 855,00 
0:00:04:69 579,00 851,00 
0:00:04:70 579,00 851,00 
0:00:04:72 578,00 851,00 
0:00:04:74 578,00 851,00 
0:00:04:76 576,00 852,00 
0:00:04:77 576,00 852,00 
0:00:04:79 576,00 854,00 
0:00:04:81 576,00 854,00 
0:00:04:82 575,00 856,00 
0:00:04:84 575,00 856,00 
0:00:04:86 572,00 858,00 
0:00:04:87 572,00 858,00 
0:00:04:89 569,00 860,00 
0:00:04:91 569,00 860,00 
0:00:04:93 567,00 860,00 
0:00:04:94 567,00 860,00 
0:00:04:96 564,00 862,00 
0:00:04:98 564,00 862,00 
0:00:04:99 561,00 864,00 
0:00:05:01 561,00 864,00 
0:00:05:03 556,00 868,00 
0:00:05:04 556,00 868,00 
0:00:05:06 551,00 870,00 
0:00:05:08 551,00 870,00 
0:00:05:10 547,00 870,00 
0:00:05:11 547,00 870,00 
0:00:05:11 544,00 870,00 
0:00:05:13 544,00 870,00 
0:00:05:15 541,00 868,00 
0:00:05:16 541,00 868,00 
0:00:05:18 538,00 866,00 
0:00:05:20 538,00 866,00 
0:00:05:21 537,00 864,00 
0:00:05:23 537,00 864,00 
0:00:05:25 536,00 863,00 
0:00:05:27 536,00 863,00 
0:00:05:28 534,00 864,00 
0:00:05:30 534,00 864,00 
0:00:05:32 532,00 864,00 
0:00:05:33 532,00 864,00 
0:00:05:35 531,00 864,00 
0:00:05:37 531,00 864,00 
0:00:05:38 533,00 865,00 
0:00:05:40 533,00 865,00 
0:00:05:42 535,00 868,00 
0:00:05:44 535,00 868,00 
0:00:05:45 536,00 870,00 
0:00:05:47 536,00 870,00 
0:00:05:49 535,00 872,00 
0:00:05:50 535,00 872,00 
0:00:05:52 534,00 873,00 
0:00:05:54 534,00 873,00 
0:00:05:55 534,00 872,00 
0:00:05:57 534,00 872,00 
0:00:05:59 534,00 871,00 
0:00:05:61 534,00 871,00 
0:00:05:62 533,00 869,00 
0:00:05:64 533,00 869,00 
0:00:05:66 532,00 865,00 
0:00:05:67 532,00 865,00 
0:00:05:69 531,00 859,00 
0:00:05:71 531,00 859,00 
0:00:05:72 531,00 853,00 
0:00:05:74 531,00 853,00 
0:00:05:76 532,00 847,00 
0:00:05:78 532,00 847,00 
0:00:05:79 534,00 843,00 
0:00:05:81 534,00 843,00 
0:00:05:83 537,00 841,00 
0:00:05:84 537,00 841,00 
0:00:05:86 541,00 839,00 
0:00:05:88 541,00 839,00 
0:00:05:89 542,00 839,00 
0:00:05:91 542,00 839,00 
0:00:05:93 542,00 838,00 
0:00:05:95 542,00 838,00 
0:00:05:96 542,00 842,00 
0:00:05:96 542,00 842,00 
0:00:05:98 543,00 848,00 
0:00:06:00 543,00 848,00 
0:00:06:01 546,00 852,00 
0:00:06:03 546,00 852,00 
0:00:06:05 549,00 855,00 
0:00:06:06 549,00 855,00 
0:00:06:08 553,00 859,00 
0:00:06:10 553,00 859,00 
0:00:06:12 558,00 863,00 
0:00:06:13 558,00 863,00 
0:00:06:15 563,00 865,00 
0:00:06:17 563,00 865,00 
0:00:06:18 568,00 867,00 
0:00:06:20 568,00 867,00 
0:00:06:22 573,00 869,00 
0:00:06:23 573,00 869,00 
0:00:06:25 577,00 869,00 
0:00:06:27 577,00 869,00 
0:00:06:29 578,00 871,00 
0:00:06:30 578,00 871,00 
0:00:06:32 579,00 871,00 
0:00:06:34 579,00 871,00 
0:00:06:35 581,00 871,00 
0:00:06:37 581,00 871,00 
0:00:06:39 584,00 867,00 
0:00:06:40 584,00 867,00 
0:00:06:42 589,00 865,00 
0:00:06:44 589,00 865,00 
0:00:06:46 596,00 863,00 
0:00:06:47 596,00 863,00 
0:00:06:49 602,00 863,00 
0:00:06:51 602,00 863,00 
0:00:06:52 608,00 863,00 
0:00:06:54 608,00 863,00 
0:00:06:56 612,00 863,00 
0:00:06:57 612,00 863,00 
0:00:06:59 613,00 863,00 
0:00:06:61 613,00 863,00 
0:00:06:63 616,00 863,00 
0:00:06:64 616,00 863,00 
0:00:06:66 617,00 866,00 
0:00:06:68 617,00 866,00 
0:00:06:69 617,00 872,00 
0:00:06:71 617,00 872,00 
0:00:06:73 616,00 876,00 
0:00:06:74 616,00 876,00 
0:00:06:76 614,00 880,00 
0:00:06:78 614,00 880,00 
0:00:06:80 611,00 880,00 
0:00:06:81 611,00 880,00 
0:00:06:81 608,00 882,00 
0:00:06:83 608,00 882,00 
0:00:06:85 604,00 882,00 
0:00:06:86 604,00 882,00 
0:00:06:88 600,00 880,00 
0:00:06:90 600,00 880,00 
0:00:06:91 596,00 878,00 
0:00:06:93 596,00 878,00 
0:00:06:95 591,00 876,00 
0:00:06:97 591,00 876,00 
0:00:06:98 587,00 872,00 
0:00:07:00 587,00 872,00 
0:00:07:02 582,00 870,00 
0:00:07:03 582,00 870,00 
0:00:07:05 577,00 868,00 
0:00:07:07 577,00 868,00 
0:00:07:08 573,00 866,00 
0:00:07:10 573,00 866,00 
0:00:07:12 568,00 864,00 
0:00:07:14 568,00 864,00 
0:00:07:15 561,00 862,00 
0:00:07:17 561,00 862,00 
0:00:07:19 554,00 862,00 
0:00:07:20 554,00 862,00 
0:00:07:22 549,00 862,00 
0:00:07:24 549,00 862,00 
0:00:07:25 544,00 862,00 
0:00:07:27 543,00 864,00 
0:00:07:29 538,00 864,00 
0:00:07:31 538,00 864,00 
0:00:07:32 533,00 862,00 
0:00:07:34 533,00 862,00 
0:00:07:36 528,00 862,00 
0:00:07:37 528,00 862,00 
0:00:07:39 521,00 862,00 
0:00:07:41 521,00 862,00 
0:00:07:42 514,00 862,00 
0:00:07:44 514,00 862,00 
0:00:07:46 507,00 862,00 
0:00:07:48 507,00 862,00 
0:00:07:49 499,00 860,00 
0:00:07:51 499,00 860,00 
0:00:07:53 493,00 856,00 
0:00:07:54 493,00 856,00 
0:00:07:56 488,00 852,00 
0:00:07:58 488,00 852,00 
0:00:07:59 485,00 848,00 
0:00:07:61 485,00 848,00 
0:00:07:63 483,00 846,00 
0:00:07:65 483,00 846,00 
0:00:07:66 481,00 844,00 
0:00:07:66 481,00 844,00 
0:00:07:68 480,00 844,00 
0:00:07:70 480,00 844,00 
0:00:07:71 478,00 844,00 
0:00:07:73 478,00 844,00 
0:00:07:75 475,00 844,00 
0:00:07:76 475,00 844,00 
0:00:07:78 473,00 846,00 
0:00:07:80 473,00 846,00 
0:00:07:82 474,00 849,00 
0:00:07:83 474,00 849,00 
0:00:07:85 475,00 852,00 
0:00:07:87 475,00 852,00 
0:00:07:88 474,00 854,00 
0:00:07:90 474,00 854,00 
0:00:07:92 472,00 856,00 
0:00:07:93 472,00 856,00 
0:00:07:95 469,00 856,00 
0:00:07:97 469,00 856,00 
0:00:07:99 467,00 858,00 
0:00:08:00 467,00 858,00 
0:00:08:02 465,00 860,00 
0:00:08:04 465,00 860,00 
0:00:08:05 462,00 859,00 
0:00:08:07 462,00 859,00 
0:00:08:09 460,00 855,00 
0:00:08:10 460,00 855,00 
0:00:08:12 459,00 847,00 
0:00:08:14 459,00 847,00 
0:00:08:16 460,00 843,00 
0:00:08:17 460,00 843,00 
0:00:08:19 464,00 839,00 
0:00:08:21 464,00 839,00 
0:00:08:22 468,00 835,00 
0:00:08:24 468,00 835,00 
0:00:08:26 472,00 831,00 
0:00:08:27 472,00 831,00 
0:00:08:29 475,00 829,00 
0:00:08:31 475,00 829,00 
0:00:08:33 478,00 827,00 
0:00:08:34 478,00 827,00 
0:00:08:36 482,00 825,00 
0:00:08:38 482,00 825,00 
0:00:08:39 486,00 823,00 
0:00:08:41 486,00 823,00 
0:00:08:43 489,00 825,00 
0:00:08:44 489,00 825,00 
0:00:08:46 492,00 825,00 
0:00:08:48 492,00 825,00 
0:00:08:50 495,00 827,00 
0:00:08:51 495,00 827,00 
0:00:08:51 496,00 830,00 
0:00:08:53 496,00 830,00 
0:00:08:55 496,00 832,00 
0:00:08:56 496,00 832,00 
0:00:08:58 496,00 832,00 
0:00:08:60 496,00 832,00 
0:00:08:61 494,00 832,00 
0:00:08:63 494,00 832,00 
0:00:08:65 493,00 831,00 
0:00:08:67 493,00 831,00 
0:00:08:68 492,00 829,00 
0:00:08:70 492,00 829,00 
0:00:08:72 492,00 825,00 
0:00:08:73 492,00 825,00 
0:00:08:75 493,00 821,00 
0:00:08:77 493,00 821,00 
0:00:08:78 493,00 815,00 
0:00:08:80 493,00 815,00 
0:00:08:82 494,00 811,00 
0:00:08:84 494,00 811,00 
0:00:08:85 494,00 811,00 
0:00:08:87 494,00 811,00 
0:00:08:89 493,00 810,00 
0:00:08:90 493,00 810,00 
0:00:08:92 493,00 809,00 
0:00:08:94 493,00 809,00 
0:00:08:95 494,00 807,00 
0:00:08:97 494,00 807,00 
0:00:08:99 495,00 805,00 
0:00:09:01 495,00 805,00 
0:00:09:02 495,00 805,00 
0:00:09:04 495,00 805,00 
0:00:09:06 496,00 806,00 
0:00:09:07 496,00 806,00 
0:00:09:09 497,00 807,00 
0:00:09:11 497,00 807,00 
0:00:09:12 496,00 809,00 
0:00:09:14 496,00 809,00 
0:00:09:16 496,00 809,00 
0:00:09:18 496,00 809,00 
0:00:09:19 496,00 805,00 
0:00:09:21 496,00 805,00 
0:00:09:23 495,00 799,00 
0:00:09:24 495,00 799,00 
0:00:09:26 496,00 791,00 
0:00:09:28 496,00 791,00 
0:00:09:29 498,00 787,00 
0:00:09:31 498,00 787,00 
0:00:09:33 501,00 783,00 
0:00:09:35 501,00 783,00 
0:00:09:36 505,00 781,00 
0:00:09:36 505,00 781,00 
0:00:09:38 509,00 777,00 
0:00:09:40 509,00 777,00 
0:00:09:41 511,00 775,00 
0:00:09:43 511,00 775,00 
0:00:09:45 512,00 773,00 
0:00:09:46 512,00 773,00 
0:00:09:48 514,00 773,00 
0:00:09:50 514,00 773,00 
0:00:09:52 516,00 775,00 
0:00:09:53 516,00 775,00 
0:00:09:55 521,00 775,00 
0:00:09:57 521,00 775,00 
0:00:09:58 525,00 775,00 
0:00:09:60 525,00 775,00 
0:00:09:62 529,00 777,00 
0:00:09:63 529,00 777,00 
0:00:09:65 531,00 777,00 
0:00:09:67 531,00 777,00 
0:00:09:69 533,00 778,00 
0:00:09:70 533,00 778,00 
0:00:09:72 534,00 780,00 
0:00:09:74 534,00 780,00 
0:00:09:75 534,00 782,00 
0:00:09:77 534,00 782,00 
0:00:09:79 532,00 782,00 
0:00:09:80 532,00 782,00 
0:00:09:82 532,00 779,00 
0:00:09:84 532,00 779,00 
0:00:09:86 532,00 777,00 
0:00:09:87 532,00 777,00 
0:00:09:89 533,00 773,00 
0:00:09:91 533,00 773,00 
0:00:09:92 533,00 771,00 
0:00:09:94 533,00 771,00 
0:00:09:96 534,00 769,00 
0:00:09:97 534,00 769,00 
0:00:09:99 533,00 768,00 
0:00:10:01 533,00 768,00 
0:00:10:03 531,00 768,00 
0:00:10:04 531,00 768,00 
0:00:10:06 531,00 766,00 
0:00:10:08 531,00 766,00 
0:00:10:09 531,00 766,00 
0:00:10:11 531,00 766,00 
0:00:10:13 532,00 768,00 
0:00:10:14 532,00 768,00 
0:00:10:16 531,00 770,00 
0:00:10:18 531,00 770,00 
0:00:10:20 530,00 774,00 
0:00:10:21 530,00 774,00 
0:00:10:21 528,00 778,00 
0:00:10:23 528,00 778,00 
0:00:10:25 527,00 782,00 
0:00:10:26 527,00 782,00 
0:00:10:28 525,00 782,00 
0:00:10:30 525,00 782,00 
0:00:10:31 521,00 781,00 
0:00:10:33 521,00 781,00 
0:00:10:35 517,00 776,00 
0:00:10:37 517,00 776,00 
0:00:10:38 512,00 771,00 
0:00:10:40 512,00 771,00 
0:00:10:42 509,00 767,00 
0:00:10:43 509,00 767,00 
0:00:10:45 507,00 765,00 
0:00:10:47 507,00 765,00 
0:00:10:48 505,00 762,00 
0:00:10:50 505,00 762,00 
0:00:10:52 503,00 760,00 
0:00:10:54 503,00 760,00 
0:00:10:55 501,00 758,00 
0:00:10:57 501,00 758,00 
0:00:10:59 498,00 758,00 
0:00:10:60 498,00 758,00 
0:00:10:62 494,00 758,00 
0:00:10:64 494,00 758,00 
0:00:10:65 488,00 760,00 
0:00:10:67 488,00 760,00 
0:00:10:69 481,00 762,00 
0:00:10:71 481,00 762,00 
0:00:10:72 472,00 764,00 
0:00:10:74 472,00 764,00 
0:00:10:76 463,00 768,00 
0:00:10:77 463,00 768,00 
0:00:10:79 454,00 772,00 
0:00:10:81 454,00 772,00 
0:00:10:82 445,00 774,00 
0:00:10:84 445,00 774,00 
0:00:10:86 436,00 778,00 
0:00:10:88 436,00 778,00 
0:00:10:89 426,00 780,00 
0:00:10:91 426,00 780,00 
0:00:10:93 417,00 782,00 
0:00:10:94 417,00 782,00 
0:00:10:96 409,00 782,00 
0:00:10:98 409,00 782,00 
0:00:10:99 402,00 782,00 
0:00:11:01 402,00 782,00 
0:00:11:03 398,00 780,00 
0:00:11:05 398,00 780,00 
0:00:11:06 394,00 779,00 
0:00:11:06 394,00 779,00 
0:00:11:08 392,00 779,00 
0:00:11:10 392,00 779,00 
0:00:11:11 391,00 778,00 
0:00:11:13 391,00 778,00 
0:00:11:15 388,00 778,00 
0:00:11:16 388,00 778,00 
0:00:11:18 386,00 778,00 
0:00:11:20 386,00 778,00 
0:00:11:22 383,00 778,00 
0:00:11:23 383,00 778,00 
0:00:11:25 384,00 781,00 
0:00:11:27 384,00 781,00 
0:00:11:28 387,00 785,00 
0:00:11:30 387,00 785,00 
0:00:11:32 388,00 788,00 
0:00:11:33 388,00 788,00 
0:00:11:35 388,00 792,00 
0:00:11:37 388,00 792,00 
0:00:11:39 388,00 796,00 
0:00:11:40 388,00 796,00 
0:00:11:42 388,00 798,00 
0:00:11:44 388,00 800,00 
0:00:11:45 388,00 801,00 
0:00:11:47 388,00 801,00 
0:00:11:49 387,00 802,00 
0:00:11:50 387,00 802,00 
0:00:11:52 386,00 800,00 
0:00:11:54 386,00 800,00 
0:00:11:56 385,00 797,00 
0:00:11:57 385,00 797,00 
0:00:11:59 384,00 794,00 
0:00:11:61 384,00 794,00 
0:00:11:62 384,00 793,00 
0:00:11:64 384,00 793,00 
0:00:11:66 384,00 791,00 
0:00:11:67 384,00 791,00 
0:00:11:69 385,00 790,00 
0:00:11:70 385,00 790,00 


