#Kinovea Trajectory data export
#T X Y
0:00:00:00 1428,00 863,00 
0:00:00:03 1421,00 866,00 
0:00:00:06 1415,00 865,00 
0:00:00:10 1410,00 864,00 
0:00:00:13 1406,00 862,00 
0:00:00:16 1404,00 860,00 
0:00:00:20 1407,00 856,00 
0:00:00:23 1403,00 849,00 
0:00:00:26 1417,00 837,00 
0:00:00:30 1400,00 846,00 
0:00:00:33 1421,00 834,00 
0:00:00:36 1396,00 841,00 
0:00:00:40 1393,00 842,00 
0:00:00:43 1391,00 842,00 
0:00:00:46 1387,00 847,00 
0:00:00:50 1385,00 854,00 
0:00:00:53 1380,00 862,00 
0:00:00:56 1370,00 870,00 
0:00:00:60 1364,00 877,00 
0:00:00:63 1359,00 882,00 
0:00:00:66 1359,00 883,00 
0:00:00:70 1347,00 888,00 
0:00:00:73 1342,00 888,00 
0:00:00:76 1331,00 888,00 
0:00:00:80 1325,00 886,00 
0:00:00:83 1319,00 880,00 
0:00:00:86 1320,00 876,00 
0:00:00:90 1312,00 876,00 
0:00:00:93 1318,00 873,00 
0:00:00:96 1334,00 864,00 
0:00:01:00 1342,00 859,00 
0:00:01:03 1317,00 871,00 
0:00:01:06 1309,00 874,00 
0:00:01:10 1303,00 877,00 
0:00:01:13 1302,00 889,00 
0:00:01:16 1295,00 897,00 
0:00:01:20 1300,00 901,00 
0:00:01:23 1307,00 904,00 
0:00:01:26 1306,00 911,00 
0:00:01:30 1294,00 916,00 
0:00:01:33 1294,00 923,00 
0:00:01:36 1312,00 919,00 
0:00:01:40 1326,00 915,00 
0:00:01:43 1315,00 915,00 
0:00:01:46 1323,00 911,00 
0:00:01:50 1323,00 907,00 
0:00:01:53 1329,00 903,00 
0:00:01:56 1325,00 900,00 
0:00:01:60 1330,00 901,00 
0:00:01:63 1332,00 898,00 
0:00:01:66 1329,00 895,00 
0:00:01:70 1339,00 896,00 
0:00:01:73 1334,00 904,00 
0:00:01:76 1331,00 911,00 
0:00:01:80 1331,00 916,00 
0:00:01:83 1340,00 920,00 
0:00:01:86 1342,00 926,00 
0:00:01:90 1348,00 931,00 
0:00:01:93 1375,00 928,00 
0:00:01:96 1387,00 928,00 
0:00:02:00 1392,00 929,00 
0:00:02:03 1405,00 926,00 
0:00:02:06 1371,00 937,00 
0:00:02:10 1417,00 926,00 
0:00:02:13 1432,00 922,00 
0:00:02:16 1424,00 926,00 
0:00:02:20 1428,00 926,00 
0:00:02:23 1432,00 926,00 
0:00:02:26 1449,00 920,00 
0:00:02:30 1433,00 926,00 
0:00:02:33 1454,00 920,00 
0:00:02:36 1475,00 916,00 
0:00:02:40 1452,00 928,00 
0:00:02:43 1475,00 926,00 
0:00:02:46 1477,00 932,00 
0:00:02:50 1499,00 932,00 
0:00:02:53 1481,00 942,00 
0:00:02:56 1473,00 950,00 
0:00:02:60 1494,00 948,00 
0:00:02:63 1468,00 958,00 
0:00:02:66 1485,00 954,00 
0:00:02:70 1497,00 950,00 
0:00:02:73 1509,00 944,00 
0:00:02:76 1443,00 964,00 
0:00:02:80 1453,00 955,00 
0:00:02:83 1413,00 959,00 
0:00:02:87 1397,00 959,00 
0:00:02:90 1385,00 957,00 
0:00:02:93 1376,00 953,00 
0:00:02:97 1363,00 949,00 
0:00:03:00 1349,00 947,00 
0:00:03:03 1341,00 946,00 
0:00:03:07 1333,00 948,00 
0:00:03:10 1321,00 953,00 
0:00:03:13 1317,00 956,00 
0:00:03:17 1319,00 957,00 
0:00:03:20 1317,00 958,00 
0:00:03:23 1317,00 955,00 
0:00:03:27 1327,00 947,00 
0:00:03:30 1337,00 933,00 
0:00:03:33 1334,00 919,00 
0:00:03:37 1273,00 922,00 
0:00:03:40 1289,00 900,00 
0:00:03:43 1244,00 894,00 
0:00:03:47 1259,00 873,00 
0:00:03:50 1263,00 857,00 
0:00:03:53 1281,00 834,00 
0:00:03:57 1245,00 842,00 
0:00:03:60 1263,00 822,00 
0:00:03:63 1275,00 807,00 
0:00:03:67 1256,00 809,00 
0:00:03:70 1267,00 803,00 
0:00:03:73 1220,00 816,00 
0:00:03:77 1244,00 811,00 
0:00:03:80 1268,00 806,00 
0:00:03:83 1224,00 818,00 
0:00:03:87 1230,00 818,00 
0:00:03:90 1243,00 816,00 
0:00:03:93 1240,00 816,00 
0:00:03:97 1247,00 814,00 
0:00:04:00 1248,00 813,00 
0:00:04:03 1244,00 813,00 
0:00:04:07 1240,00 812,00 
0:00:04:10 1243,00 810,00 
0:00:04:13 1239,00 808,00 
0:00:04:17 1239,00 806,00 
0:00:04:20 1241,00 802,00 
0:00:04:23 1235,00 800,00 
0:00:04:27 1235,00 799,00 
0:00:04:30 1234,00 800,00 
0:00:04:33 1232,00 803,00 
0:00:04:37 1226,00 808,00 
0:00:04:40 1226,00 812,00 
0:00:04:43 1232,00 814,00 
0:00:04:47 1230,00 816,00 
0:00:04:50 1236,00 816,00 
0:00:04:53 1240,00 815,00 
0:00:04:57 1242,00 812,00 
0:00:04:60 1216,00 816,00 
0:00:04:63 1208,00 816,00 
0:00:04:67 1190,00 817,00 
0:00:04:70 1188,00 814,00 
0:00:04:73 1180,00 811,00 
0:00:04:77 1172,00 808,00 
0:00:04:80 1166,00 804,00 
0:00:04:83 1158,00 802,00 
0:00:04:87 1154,00 802,00 
0:00:04:90 1149,00 804,00 
0:00:04:93 1143,00 807,00 
0:00:04:97 1138,00 811,00 
0:00:05:00 1137,00 814,00 
0:00:05:03 1155,00 812,00 
0:00:05:07 1113,00 824,00 
0:00:05:10 1123,00 824,00 
0:00:05:13 1114,00 827,00 
0:00:05:17 1092,00 831,00 
0:00:05:20 1085,00 831,00 
0:00:05:23 1089,00 828,00 
0:00:05:27 1070,00 829,00 
0:00:05:30 1073,00 826,00 
0:00:05:33 1070,00 824,00 
0:00:05:37 1066,00 822,00 
0:00:05:40 1058,00 821,00 
0:00:05:43 1059,00 818,00 
0:00:05:47 1049,00 817,00 
0:00:05:50 1051,00 816,00 
0:00:05:53 1041,00 820,00 
0:00:05:57 1040,00 823,00 
0:00:05:60 1040,00 826,00 
0:00:05:63 1053,00 825,00 
0:00:05:67 1068,00 823,00 
0:00:05:70 1082,00 820,00 


