#Kinovea Trajectory data export
#T X Y
0:00:00:00 1202,00 728,00 
0:00:00:01 1204,00 728,00 
0:00:00:01 1208,00 724,00 
0:00:00:03 1208,00 724,00 
0:00:00:05 1210,00 706,00 
0:00:00:06 1210,00 706,00 
0:00:00:08 1205,00 697,00 
0:00:00:10 1205,00 697,00 
0:00:00:11 1206,00 691,00 
0:00:00:13 1206,00 691,00 
0:00:00:15 1208,00 685,00 
0:00:00:17 1208,00 685,00 
0:00:00:18 1212,00 681,00 
0:00:00:20 1212,00 681,00 
0:00:00:22 1218,00 681,00 
0:00:00:23 1218,00 681,00 
0:00:00:25 1229,00 682,00 
0:00:00:27 1229,00 682,00 
0:00:00:28 1233,00 688,00 
0:00:00:30 1233,00 688,00 
0:00:00:32 1235,00 694,00 
0:00:00:34 1235,00 694,00 
0:00:00:35 1240,00 702,00 
0:00:00:37 1240,00 702,00 
0:00:00:39 1244,00 714,00 
0:00:00:40 1244,00 714,00 
0:00:00:42 1246,00 722,00 
0:00:00:44 1246,00 722,00 
0:00:00:45 1248,00 732,00 
0:00:00:47 1248,00 732,00 
0:00:00:49 1249,00 738,00 
0:00:00:51 1249,00 738,00 
0:00:00:52 1249,00 742,00 
0:00:00:54 1249,00 742,00 
0:00:00:56 1249,00 744,00 
0:00:00:57 1249,00 744,00 
0:00:00:59 1251,00 743,00 
0:00:00:61 1251,00 743,00 
0:00:00:62 1252,00 741,00 
0:00:00:64 1252,00 741,00 
0:00:00:66 1254,00 739,00 
0:00:00:68 1254,00 739,00 
0:00:00:69 1255,00 735,00 
0:00:00:71 1255,00 735,00 
0:00:00:73 1254,00 731,00 
0:00:00:74 1254,00 731,00 
0:00:00:76 1251,00 727,00 
0:00:00:78 1251,00 727,00 
0:00:00:79 1244,00 721,00 
0:00:00:81 1238,00 721,00 
0:00:00:83 1230,00 713,00 
0:00:00:85 1230,00 713,00 
0:00:00:86 1210,00 705,00 
0:00:00:86 1210,00 705,00 
0:00:00:88 1205,00 689,00 
0:00:00:90 1205,00 689,00 
0:00:00:91 1193,00 662,00 
0:00:00:93 1193,00 662,00 
0:00:00:95 1203,00 650,00 
0:00:00:96 1203,00 650,00 
0:00:00:98 1177,00 656,00 
0:00:01:00 1177,00 656,00 
0:00:01:02 1156,00 660,00 
0:00:01:03 1156,00 660,00 
0:00:01:05 1140,00 645,00 
0:00:01:07 1146,00 672,00 
0:00:01:08 1162,00 680,00 
0:00:01:10 1162,00 680,00 
0:00:01:12 1170,00 696,00 
0:00:01:13 1170,00 696,00 
0:00:01:15 1168,00 704,00 
0:00:01:17 1168,00 704,00 
0:00:01:19 1170,00 705,00 
0:00:01:20 1170,00 705,00 
0:00:01:22 1172,00 703,00 
0:00:01:24 1172,00 703,00 
0:00:01:25 1176,00 700,00 
0:00:01:27 1176,00 700,00 
0:00:01:29 1179,00 690,00 
0:00:01:30 1179,00 690,00 
0:00:01:32 1179,00 676,00 
0:00:01:34 1179,00 676,00 
0:00:01:36 1175,00 679,00 
0:00:01:37 1175,00 679,00 
0:00:01:39 1177,00 673,00 
0:00:01:41 1177,00 673,00 
0:00:01:42 1184,00 669,00 
0:00:01:44 1185,00 669,00 
0:00:01:46 1197,00 661,00 
0:00:01:47 1197,00 661,00 
0:00:01:49 1178,00 663,00 
0:00:01:51 1178,00 663,00 
0:00:01:53 1191,00 661,00 
0:00:01:54 1191,00 661,00 
0:00:01:56 1202,00 663,00 
0:00:01:58 1193,00 666,00 
0:00:01:59 1199,00 674,00 
0:00:01:61 1199,00 674,00 
0:00:01:63 1204,00 682,00 
0:00:01:64 1204,00 682,00 
0:00:01:66 1209,00 692,00 
0:00:01:68 1215,00 695,00 
0:00:01:70 1222,00 705,00 
0:00:01:71 1222,00 705,00 
0:00:01:71 1231,00 713,00 
0:00:01:73 1231,00 713,00 
0:00:01:75 1240,00 723,00 
0:00:01:76 1240,00 723,00 
0:00:01:78 1253,00 731,00 
0:00:01:80 1253,00 731,00 
0:00:01:81 1262,00 739,00 
0:00:01:83 1262,00 739,00 
0:00:01:85 1274,00 745,00 
0:00:01:87 1274,00 745,00 
0:00:01:88 1286,00 749,00 
0:00:01:90 1286,00 749,00 
0:00:01:92 1296,00 753,00 
0:00:01:93 1296,00 753,00 
0:00:01:95 1302,00 755,00 
0:00:01:97 1302,00 755,00 
0:00:01:98 1303,00 754,00 
0:00:02:00 1303,00 754,00 
0:00:02:02 1300,00 750,00 
0:00:02:04 1300,00 750,00 
0:00:02:05 1292,00 742,00 
0:00:02:07 1292,00 742,00 
0:00:02:09 1278,00 734,00 
0:00:02:10 1278,00 734,00 
0:00:02:12 1262,00 726,00 
0:00:02:14 1262,00 726,00 
0:00:02:15 1262,00 726,00 
0:00:02:17 1262,00 726,00 
0:00:02:19 1233,00 719,00 
0:00:02:21 1233,00 719,00 
0:00:02:22 1209,00 718,00 
0:00:02:24 1209,00 718,00 
0:00:02:26 1203,00 729,00 
0:00:02:27 1188,00 731,00 
0:00:02:29 1179,00 738,00 
0:00:02:31 1179,00 738,00 
0:00:02:32 1179,00 746,00 
0:00:02:34 1173,00 746,00 
0:00:02:36 1173,00 746,00 
0:00:02:38 1173,00 746,00 
0:00:02:39 1172,00 754,00 
0:00:02:41 1172,00 754,00 
0:00:02:43 1173,00 746,00 
0:00:02:44 1173,00 746,00 
0:00:02:46 1165,00 762,00 
0:00:02:48 1165,00 762,00 
0:00:02:49 1184,00 742,00 
0:00:02:51 1184,00 742,00 
0:00:02:53 1189,00 734,00 
0:00:02:55 1189,00 734,00 
0:00:02:56 1194,00 734,00 
0:00:02:56 1194,00 734,00 
0:00:02:58 1200,00 726,00 
0:00:02:60 1200,00 726,00 
0:00:02:61 1207,00 726,00 
0:00:02:63 1207,00 726,00 
0:00:02:65 1213,00 726,00 
0:00:02:66 1269,00 677,00 
0:00:02:68 1285,00 669,00 
0:00:02:70 1285,00 669,00 
0:00:02:72 1301,00 663,00 
0:00:02:73 1301,00 663,00 
0:00:02:75 1317,00 661,00 
0:00:02:77 1317,00 661,00 
0:00:02:78 1333,00 669,00 
0:00:02:80 1333,00 669,00 
0:00:02:82 1347,00 679,00 
0:00:02:83 1346,00 679,00 
0:00:02:85 1359,00 693,00 
0:00:02:87 1359,00 693,00 
0:00:02:89 1373,00 707,00 
0:00:02:90 1373,00 707,00 
0:00:02:92 1387,00 719,00 
0:00:02:94 1387,00 719,00 
0:00:02:95 1408,00 728,00 
0:00:02:97 1408,00 728,00 
0:00:02:99 1418,00 734,00 
0:00:03:00 1418,00 734,00 
0:00:03:02 1426,00 736,00 
0:00:03:04 1426,00 736,00 
0:00:03:06 1433,00 736,00 
0:00:03:07 1433,00 736,00 
0:00:03:09 1440,00 730,00 
0:00:03:11 1440,00 730,00 
0:00:03:12 1446,00 722,00 
0:00:03:14 1446,00 722,00 
0:00:03:16 1450,00 716,00 
0:00:03:17 1450,00 716,00 
0:00:03:19 1452,00 708,00 
0:00:03:21 1452,00 708,00 
0:00:03:23 1450,00 702,00 
0:00:03:24 1450,00 702,00 
0:00:03:26 1446,00 695,00 
0:00:03:28 1446,00 695,00 
0:00:03:29 1438,00 691,00 
0:00:03:31 1438,00 691,00 
0:00:03:33 1428,00 687,00 
0:00:03:34 1428,00 687,00 
0:00:03:36 1416,00 687,00 
0:00:03:38 1416,00 687,00 
0:00:03:40 1402,00 691,00 
0:00:03:41 1402,00 691,00 
0:00:03:41 1390,00 697,00 
0:00:03:43 1390,00 697,00 
0:00:03:45 1379,00 705,00 
0:00:03:46 1379,00 705,00 
0:00:03:48 1369,00 711,00 
0:00:03:50 1369,00 711,00 
0:00:03:51 1361,00 717,00 
0:00:03:53 1361,00 717,00 
0:00:03:55 1353,00 723,00 
0:00:03:57 1353,00 723,00 
0:00:03:58 1345,00 729,00 
0:00:03:60 1345,00 729,00 
0:00:03:62 1338,00 733,00 
0:00:03:63 1338,00 733,00 
0:00:03:65 1334,00 735,00 
0:00:03:67 1334,00 735,00 
0:00:03:68 1334,00 734,00 
0:00:03:70 1334,00 734,00 
0:00:03:72 1336,00 730,00 
0:00:03:74 1336,00 730,00 
0:00:03:75 1341,00 724,00 
0:00:03:77 1341,00 724,00 
0:00:03:79 1345,00 718,00 
0:00:03:80 1345,00 718,00 
0:00:03:82 1346,00 706,00 
0:00:03:84 1346,00 706,00 
0:00:03:85 1340,00 694,00 
0:00:03:87 1340,00 694,00 
0:00:03:89 1326,00 688,00 
0:00:03:91 1326,00 688,00 
0:00:03:92 1317,00 686,00 
0:00:03:94 1317,00 686,00 
0:00:03:96 1316,00 681,00 
0:00:03:97 1316,00 681,00 
0:00:03:99 1319,00 679,00 
0:00:04:01 1319,00 679,00 
0:00:04:02 1312,00 677,00 
0:00:04:04 1312,00 677,00 
0:00:04:06 1318,00 666,00 
0:00:04:08 1318,00 666,00 
0:00:04:09 1347,00 682,00 
0:00:04:11 1347,00 682,00 
0:00:04:13 1357,00 691,00 
0:00:04:14 1357,00 691,00 
0:00:04:16 1365,00 699,00 
0:00:04:18 1365,00 699,00 
0:00:04:19 1369,00 705,00 
0:00:04:21 1369,00 705,00 
0:00:04:23 1377,00 709,00 
0:00:04:25 1377,00 709,00 
0:00:04:26 1385,00 705,00 
0:00:04:26 1385,00 705,00 
0:00:04:28 1390,00 702,00 
0:00:04:30 1390,00 702,00 
0:00:04:31 1357,00 709,00 
0:00:04:33 1357,00 709,00 
0:00:04:35 1365,00 713,00 
0:00:04:36 1365,00 713,00 
0:00:04:38 1366,00 710,00 
0:00:04:40 1366,00 710,00 
0:00:04:42 1366,00 704,00 
0:00:04:43 1366,00 704,00 
0:00:04:45 1369,00 690,00 
0:00:04:47 1369,00 690,00 
0:00:04:48 1357,00 678,00 
0:00:04:50 1352,00 688,00 
0:00:04:52 1327,00 678,00 
0:00:04:53 1327,00 678,00 
0:00:04:55 1303,00 680,00 
0:00:04:57 1303,00 680,00 
0:00:04:59 1277,00 692,00 
0:00:04:60 1277,00 692,00 
0:00:04:62 1268,00 701,00 
0:00:04:64 1268,00 701,00 
0:00:04:65 1264,00 709,00 
0:00:04:67 1264,00 709,00 
0:00:04:69 1256,00 715,00 
0:00:04:70 1256,00 715,00 
0:00:04:72 1255,00 716,00 
0:00:04:74 1255,00 716,00 
0:00:04:76 1247,00 722,00 
0:00:04:77 1247,00 722,00 
0:00:04:79 1256,00 719,00 
0:00:04:81 1256,00 719,00 
0:00:04:82 1272,00 719,00 
0:00:04:84 1272,00 719,00 
0:00:04:86 1272,00 716,00 
0:00:04:87 1272,00 716,00 
0:00:04:89 1276,00 709,00 
0:00:04:91 1276,00 709,00 
0:00:04:93 1279,00 707,00 
0:00:04:94 1279,00 707,00 
0:00:04:96 1282,00 703,00 
0:00:04:98 1282,00 703,00 
0:00:04:99 1291,00 699,00 
0:00:05:01 1291,00 699,00 
0:00:05:03 1299,00 695,00 
0:00:05:04 1299,00 695,00 
0:00:05:06 1301,00 692,00 
0:00:05:08 1301,00 692,00 
0:00:05:10 1301,00 691,00 
0:00:05:11 1301,00 691,00 
0:00:05:11 1289,00 691,00 
0:00:05:13 1289,00 691,00 
0:00:05:15 1266,00 694,00 
0:00:05:16 1266,00 694,00 
0:00:05:18 1263,00 682,00 
0:00:05:20 1237,00 687,00 
0:00:05:21 1229,00 659,00 
0:00:05:23 1225,00 695,00 
0:00:05:25 1212,00 681,00 
0:00:05:27 1197,00 696,00 
0:00:05:28 1175,00 699,00 
0:00:05:30 1171,00 714,00 
0:00:05:32 1176,00 722,00 
0:00:05:33 1176,00 722,00 
0:00:05:35 1196,00 720,00 
0:00:05:37 1196,00 720,00 
0:00:05:38 1199,00 736,00 
0:00:05:40 1199,00 736,00 
0:00:05:42 1207,00 725,00 
0:00:05:44 1207,00 725,00 
0:00:05:45 1214,00 741,00 
0:00:05:47 1221,00 723,00 
0:00:05:49 1217,00 753,00 
0:00:05:50 1226,00 730,00 
0:00:05:52 1225,00 737,00 
0:00:05:54 1235,00 732,00 
0:00:05:55 1236,00 732,00 
0:00:05:57 1236,00 732,00 
0:00:05:59 1239,00 722,00 
0:00:05:61 1239,00 722,00 
0:00:05:62 1240,00 715,00 
0:00:05:64 1240,00 715,00 
0:00:05:66 1241,00 707,00 
0:00:05:67 1241,00 707,00 
0:00:05:69 1235,00 693,00 
0:00:05:71 1235,00 693,00 
0:00:05:72 1231,00 679,00 
0:00:05:74 1231,00 679,00 
0:00:05:76 1221,00 665,00 
0:00:05:78 1220,00 684,00 
0:00:05:79 1197,00 694,00 
0:00:05:81 1197,00 694,00 
0:00:05:83 1197,00 742,00 
0:00:05:84 1197,00 742,00 
0:00:05:86 1204,00 710,00 
0:00:05:88 1204,00 710,00 
0:00:05:89 1211,00 716,00 
0:00:05:91 1211,00 716,00 
0:00:05:93 1217,00 720,00 
0:00:05:95 1217,00 720,00 
0:00:05:96 1221,00 724,00 
0:00:05:96 1221,00 724,00 
0:00:05:98 1222,00 696,00 
0:00:06:00 1222,00 696,00 
0:00:06:01 1223,00 695,00 
0:00:06:03 1223,00 695,00 
0:00:06:05 1224,00 687,00 
0:00:06:06 1224,00 687,00 
0:00:06:08 1225,00 666,00 
0:00:06:10 1225,00 666,00 
0:00:06:12 1230,00 666,00 
0:00:06:13 1230,00 666,00 
0:00:06:15 1235,00 664,00 
0:00:06:17 1235,00 664,00 
0:00:06:18 1241,00 662,00 
0:00:06:20 1241,00 662,00 
0:00:06:22 1247,00 654,00 
0:00:06:23 1247,00 654,00 
0:00:06:25 1255,00 658,00 
0:00:06:27 1255,00 658,00 
0:00:06:29 1258,00 650,00 
0:00:06:30 1259,00 701,00 
0:00:06:32 1263,00 703,00 
0:00:06:34 1263,00 703,00 
0:00:06:35 1267,00 709,00 
0:00:06:37 1267,00 709,00 
0:00:06:39 1272,00 717,00 
0:00:06:40 1272,00 717,00 
0:00:06:42 1277,00 725,00 
0:00:06:44 1277,00 725,00 
0:00:06:46 1283,00 731,00 
0:00:06:47 1283,00 731,00 
0:00:06:49 1290,00 737,00 
0:00:06:51 1290,00 737,00 
0:00:06:52 1296,00 743,00 
0:00:06:54 1296,00 743,00 
0:00:06:56 1301,00 749,00 
0:00:06:57 1301,00 749,00 
0:00:06:59 1302,00 751,00 
0:00:06:61 1302,00 751,00 
0:00:06:63 1302,00 752,00 
0:00:06:64 1302,00 752,00 
0:00:06:66 1300,00 752,00 
0:00:06:68 1300,00 752,00 
0:00:06:69 1300,00 751,00 
0:00:06:71 1300,00 751,00 
0:00:06:73 1301,00 748,00 
0:00:06:74 1301,00 748,00 
0:00:06:76 1301,00 744,00 
0:00:06:78 1301,00 744,00 
0:00:06:80 1301,00 740,00 
0:00:06:81 1301,00 740,00 
0:00:06:81 1301,00 736,00 
0:00:06:83 1301,00 736,00 
0:00:06:85 1298,00 730,00 
0:00:06:86 1298,00 730,00 
0:00:06:88 1289,00 726,00 
0:00:06:90 1289,00 725,00 
0:00:06:91 1279,00 721,00 
0:00:06:93 1279,00 721,00 
0:00:06:95 1274,00 717,00 
0:00:06:97 1274,00 717,00 
0:00:06:98 1258,00 714,00 
0:00:07:00 1258,00 714,00 
0:00:07:02 1233,00 725,00 
0:00:07:03 1233,00 725,00 
0:00:07:05 1222,00 729,00 
0:00:07:07 1222,00 729,00 
0:00:07:08 1215,00 729,00 
0:00:07:10 1215,00 729,00 
0:00:07:12 1208,00 727,00 
0:00:07:14 1228,00 754,00 
0:00:07:15 1220,00 742,00 
0:00:07:17 1220,00 742,00 
0:00:07:19 1220,00 755,00 
0:00:07:20 1226,00 753,00 
0:00:07:22 1224,00 751,00 
0:00:07:24 1224,00 751,00 
0:00:07:25 1228,00 748,00 
0:00:07:27 1228,00 748,00 
0:00:07:29 1225,00 742,00 
0:00:07:31 1216,00 738,00 
0:00:07:32 1213,00 730,00 
0:00:07:34 1213,00 730,00 
0:00:07:36 1210,00 722,00 
0:00:07:37 1210,00 722,00 
0:00:07:39 1221,00 757,00 
0:00:07:41 1212,00 717,00 
0:00:07:42 1211,00 711,00 
0:00:07:44 1211,00 711,00 
0:00:07:46 1211,00 705,00 
0:00:07:48 1211,00 705,00 
0:00:07:49 1218,00 669,00 
0:00:07:51 1218,00 669,00 
0:00:07:53 1197,00 701,00 
0:00:07:54 1197,00 701,00 
0:00:07:56 1190,00 703,00 
0:00:07:58 1190,00 703,00 
0:00:07:59 1183,00 709,00 
0:00:07:61 1183,00 709,00 
0:00:07:63 1178,00 715,00 
0:00:07:65 1178,00 715,00 
0:00:07:66 1174,00 721,00 
0:00:07:66 1174,00 721,00 
0:00:07:68 1173,00 727,00 
0:00:07:70 1173,00 727,00 
0:00:07:71 1172,00 731,00 
0:00:07:73 1172,00 731,00 
0:00:07:75 1172,00 731,00 
0:00:07:76 1172,00 731,00 
0:00:07:78 1171,00 730,00 
0:00:07:80 1171,00 730,00 
0:00:07:82 1171,00 726,00 
0:00:07:83 1171,00 726,00 
0:00:07:85 1171,00 720,00 
0:00:07:87 1171,00 720,00 
0:00:07:88 1170,00 714,00 
0:00:07:90 1170,00 714,00 
0:00:07:92 1167,00 706,00 
0:00:07:93 1167,00 706,00 
0:00:07:95 1164,00 698,00 
0:00:07:97 1164,00 698,00 
0:00:07:99 1161,00 692,00 
0:00:08:00 1161,00 692,00 
0:00:08:02 1159,00 686,00 
0:00:08:04 1159,00 686,00 
0:00:08:05 1155,00 680,00 
0:00:08:07 1155,00 680,00 
0:00:08:09 1151,00 680,00 
0:00:08:10 1151,00 680,00 
0:00:08:12 1147,00 682,00 
0:00:08:14 1147,00 682,00 
0:00:08:16 1143,00 691,00 
0:00:08:17 1143,00 691,00 
0:00:08:19 1141,00 701,00 
0:00:08:21 1141,00 701,00 
0:00:08:22 1141,00 709,00 
0:00:08:24 1141,00 709,00 
0:00:08:26 1143,00 717,00 
0:00:08:27 1143,00 717,00 
0:00:08:29 1145,00 721,00 
0:00:08:31 1145,00 721,00 
0:00:08:33 1146,00 720,00 
0:00:08:34 1146,00 720,00 
0:00:08:36 1144,00 718,00 
0:00:08:38 1144,00 718,00 
0:00:08:39 1139,00 712,00 
0:00:08:41 1139,00 712,00 
0:00:08:43 1134,00 704,00 
0:00:08:44 1134,00 704,00 
0:00:08:46 1129,00 696,00 
0:00:08:48 1129,00 696,00 
0:00:08:50 1126,00 684,00 
0:00:08:51 1126,00 684,00 
0:00:08:51 1124,00 672,00 
0:00:08:53 1124,00 672,00 
0:00:08:55 1124,00 660,00 
0:00:08:56 1124,00 660,00 
0:00:08:58 1127,00 650,00 
0:00:08:60 1127,00 650,00 
0:00:08:61 1132,00 644,00 
0:00:08:63 1132,00 644,00 
0:00:08:65 1140,00 683,00 
0:00:08:67 1140,00 683,00 
0:00:08:68 1110,00 649,00 
0:00:08:70 1110,00 649,00 
0:00:08:72 1109,00 653,00 
0:00:08:73 1109,00 653,00 
0:00:08:75 1107,00 659,00 
0:00:08:77 1107,00 659,00 
0:00:08:78 1107,00 665,00 
0:00:08:80 1107,00 665,00 
0:00:08:82 1108,00 669,00 
0:00:08:84 1108,00 669,00 
0:00:08:85 1109,00 671,00 
0:00:08:87 1109,00 671,00 
0:00:08:89 1109,00 674,00 
0:00:08:90 1109,00 674,00 
0:00:08:92 1106,00 682,00 
0:00:08:94 1106,00 682,00 
0:00:08:95 1104,00 684,00 
0:00:08:97 1104,00 684,00 
0:00:08:99 1102,00 684,00 
0:00:09:01 1102,00 684,00 
0:00:09:02 1102,00 680,00 
0:00:09:04 1102,00 680,00 
0:00:09:06 1102,00 676,00 
0:00:09:07 1102,00 676,00 
0:00:09:09 1103,00 672,00 
0:00:09:11 1103,00 672,00 
0:00:09:12 1105,00 670,00 
0:00:09:14 1105,00 670,00 
0:00:09:16 1107,00 668,00 
0:00:09:18 1107,00 668,00 
0:00:09:19 1109,00 666,00 
0:00:09:21 1109,00 666,00 
0:00:09:23 1110,00 662,00 
0:00:09:24 1110,00 662,00 
0:00:09:26 1138,00 600,00 
0:00:09:28 1138,00 600,00 
0:00:09:29 1146,00 590,00 
0:00:09:31 1146,00 590,00 
0:00:09:33 1102,00 645,00 
0:00:09:35 1102,00 645,00 
0:00:09:36 1103,00 642,00 
0:00:09:36 1103,00 642,00 
0:00:09:38 1101,00 644,00 
0:00:09:40 1101,00 644,00 
0:00:09:41 1098,00 646,00 
0:00:09:43 1098,00 646,00 
0:00:09:45 1099,00 654,00 
0:00:09:46 1099,00 654,00 
0:00:09:48 1085,00 597,00 
0:00:09:50 1086,00 597,00 
0:00:09:52 1088,00 589,00 
0:00:09:53 1088,00 589,00 
0:00:09:55 1092,00 579,00 
0:00:09:57 1101,00 648,00 
0:00:09:58 1104,00 640,00 
0:00:09:60 1104,00 640,00 
0:00:09:62 1107,00 632,00 
0:00:09:63 1107,00 632,00 
0:00:09:65 1110,00 624,00 
0:00:09:67 1110,00 624,00 
0:00:09:69 1130,00 625,00 
0:00:09:70 1130,00 625,00 
0:00:09:72 1134,00 619,00 
0:00:09:74 1134,00 619,00 
0:00:09:75 1141,00 615,00 
0:00:09:77 1141,00 615,00 
0:00:09:79 1140,00 613,00 
0:00:09:80 1140,00 613,00 
0:00:09:82 1135,00 615,00 
0:00:09:84 1135,00 615,00 
0:00:09:86 1108,00 626,00 
0:00:09:87 1108,00 626,00 
0:00:09:89 1100,00 636,00 
0:00:09:91 1100,00 636,00 
0:00:09:92 1093,00 648,00 
0:00:09:94 1093,00 648,00 
0:00:09:96 1087,00 660,00 
0:00:09:97 1087,00 660,00 
0:00:09:99 1082,00 670,00 
0:00:10:01 1082,00 670,00 
0:00:10:03 1077,00 678,00 
0:00:10:04 1077,00 678,00 
0:00:10:06 1073,00 683,00 
0:00:10:08 1073,00 683,00 
0:00:10:09 1070,00 684,00 
0:00:10:11 1070,00 684,00 
0:00:10:13 1077,00 688,00 
0:00:10:14 1077,00 688,00 
0:00:10:16 1073,00 682,00 
0:00:10:18 1073,00 682,00 
0:00:10:20 1068,00 694,00 
0:00:10:21 1068,00 694,00 
0:00:10:21 1063,00 702,00 
0:00:10:23 1063,00 702,00 
0:00:10:25 1087,00 712,00 
0:00:10:26 1087,00 712,00 
0:00:10:28 1093,00 684,00 
0:00:10:30 1093,00 684,00 
0:00:10:31 1091,00 689,00 
0:00:10:33 1113,00 655,00 
0:00:10:35 1115,00 645,00 
0:00:10:37 1115,00 645,00 
0:00:10:38 1111,00 635,00 
0:00:10:40 1111,00 635,00 
0:00:10:42 1114,00 627,00 
0:00:10:43 1114,00 627,00 
0:00:10:45 1119,00 619,00 
0:00:10:47 1075,00 639,00 
0:00:10:48 1072,00 639,00 
0:00:10:50 1072,00 639,00 
0:00:10:52 1071,00 656,00 
0:00:10:54 1071,00 656,00 
0:00:10:55 1071,00 694,00 
0:00:10:57 1060,00 658,00 
0:00:10:59 1056,00 662,00 
0:00:10:60 1056,00 662,00 
0:00:10:62 1053,00 672,00 
0:00:10:64 1053,00 672,00 
0:00:10:65 1046,00 676,00 
0:00:10:67 1046,00 676,00 
0:00:10:69 1037,00 676,00 
0:00:10:71 1037,00 676,00 
0:00:10:72 1025,00 670,00 
0:00:10:74 1025,00 670,00 
0:00:10:76 1009,00 660,00 
0:00:10:77 1009,00 660,00 
0:00:10:79 995,00 650,00 
0:00:10:81 995,00 650,00 
0:00:10:82 980,00 640,00 
0:00:10:84 980,00 640,00 
0:00:10:86 966,00 634,00 
0:00:10:88 966,00 634,00 
0:00:10:89 956,00 632,00 
0:00:10:91 956,00 632,00 
0:00:10:93 947,00 628,00 
0:00:10:94 947,00 628,00 
0:00:10:96 939,00 624,00 
0:00:10:98 927,00 621,00 
0:00:10:99 921,00 621,00 
0:00:11:01 921,00 621,00 
0:00:11:03 914,00 627,00 
0:00:11:05 914,00 627,00 
0:00:11:06 912,00 639,00 
0:00:11:06 912,00 639,00 
0:00:11:08 906,00 649,00 
0:00:11:10 906,00 649,00 
0:00:11:11 903,00 661,00 
0:00:11:13 903,00 661,00 
0:00:11:15 908,00 706,00 
0:00:11:16 908,00 667,00 
0:00:11:18 909,00 677,00 
0:00:11:20 909,00 677,00 
0:00:11:22 910,00 683,00 
0:00:11:23 910,00 683,00 
0:00:11:25 910,00 685,00 
0:00:11:27 910,00 685,00 
0:00:11:28 911,00 684,00 
0:00:11:30 911,00 684,00 
0:00:11:32 912,00 680,00 
0:00:11:33 912,00 680,00 
0:00:11:35 914,00 676,00 
0:00:11:37 914,00 676,00 
0:00:11:39 916,00 672,00 
0:00:11:40 916,00 672,00 
0:00:11:42 918,00 668,00 
0:00:11:44 918,00 668,00 
0:00:11:45 920,00 664,00 
0:00:11:47 920,00 664,00 
0:00:11:49 921,00 660,00 
0:00:11:50 921,00 660,00 
0:00:11:52 922,00 658,00 
0:00:11:54 922,00 658,00 
0:00:11:56 923,00 656,00 
0:00:11:57 923,00 656,00 
0:00:11:59 923,00 655,00 
0:00:11:61 923,00 655,00 
0:00:11:62 921,00 657,00 
0:00:11:64 921,00 657,00 
0:00:11:66 919,00 661,00 
0:00:11:67 919,00 661,00 
0:00:11:69 922,00 629,00 
0:00:11:70 922,00 629,00 


