#Kinovea Trajectory data export
#T X Y
0:00:00:00 738,00 852,00 
0:00:00:01 738,00 852,00 
0:00:00:01 737,00 856,00 
0:00:00:03 737,00 856,00 
0:00:00:05 733,00 860,00 
0:00:00:06 733,00 860,00 
0:00:00:08 729,00 864,00 
0:00:00:10 729,00 864,00 
0:00:00:11 724,00 868,00 
0:00:00:13 724,00 868,00 
0:00:00:15 720,00 870,00 
0:00:00:17 720,00 870,00 
0:00:00:18 714,00 872,00 
0:00:00:20 714,00 872,00 
0:00:00:22 705,00 874,00 
0:00:00:23 705,00 874,00 
0:00:00:25 695,00 875,00 
0:00:00:27 695,00 875,00 
0:00:00:28 686,00 873,00 
0:00:00:30 686,00 873,00 
0:00:00:32 678,00 869,00 
0:00:00:34 678,00 869,00 
0:00:00:35 673,00 865,00 
0:00:00:37 673,00 865,00 
0:00:00:39 669,00 863,00 
0:00:00:40 669,00 863,00 
0:00:00:42 665,00 859,00 
0:00:00:44 665,00 859,00 
0:00:00:45 662,00 858,00 
0:00:00:47 662,00 858,00 
0:00:00:49 657,00 858,00 
0:00:00:51 657,00 858,00 
0:00:00:52 651,00 860,00 
0:00:00:54 651,00 860,00 
0:00:00:56 649,00 862,00 
0:00:00:57 649,00 862,00 
0:00:00:59 649,00 866,00 
0:00:00:61 649,00 866,00 
0:00:00:62 650,00 870,00 
0:00:00:64 650,00 870,00 
0:00:00:66 650,00 874,00 
0:00:00:68 650,00 874,00 
0:00:00:69 648,00 878,00 
0:00:00:71 648,00 878,00 
0:00:00:73 645,00 884,00 
0:00:00:74 645,00 884,00 
0:00:00:76 644,00 886,00 
0:00:00:78 644,00 886,00 
0:00:00:79 641,00 888,00 
0:00:00:81 641,00 888,00 
0:00:00:83 637,00 888,00 
0:00:00:85 637,00 888,00 
0:00:00:86 632,00 887,00 
0:00:00:86 632,00 887,00 
0:00:00:88 627,00 883,00 
0:00:00:90 627,00 883,00 
0:00:00:91 623,00 877,00 
0:00:00:93 623,00 877,00 
0:00:00:95 620,00 871,00 
0:00:00:96 620,00 871,00 
0:00:00:98 618,00 867,00 
0:00:01:00 617,00 867,00 
0:00:01:02 615,00 866,00 
0:00:01:03 615,00 866,00 
0:00:01:05 614,00 865,00 
0:00:01:07 614,00 865,00 
0:00:01:08 612,00 864,00 
0:00:01:10 612,00 864,00 
0:00:01:12 611,00 861,00 
0:00:01:13 611,00 861,00 
0:00:01:15 610,00 862,00 
0:00:01:17 610,00 862,00 
0:00:01:19 613,00 864,00 
0:00:01:20 613,00 864,00 
0:00:01:22 614,00 866,00 
0:00:01:24 614,00 866,00 
0:00:01:25 616,00 870,00 
0:00:01:27 616,00 870,00 
0:00:01:29 618,00 876,00 
0:00:01:30 618,00 876,00 
0:00:01:32 619,00 880,00 
0:00:01:34 619,00 880,00 
0:00:01:36 621,00 884,00 
0:00:01:37 621,00 884,00 
0:00:01:39 623,00 888,00 
0:00:01:41 623,00 888,00 
0:00:01:42 628,00 890,00 
0:00:01:44 628,00 890,00 
0:00:01:46 631,00 891,00 
0:00:01:47 631,00 891,00 
0:00:01:49 632,00 891,00 
0:00:01:51 632,00 891,00 
0:00:01:53 631,00 891,00 
0:00:01:54 631,00 891,00 
0:00:01:56 631,00 889,00 
0:00:01:58 631,00 887,00 
0:00:01:59 631,00 883,00 
0:00:01:61 631,00 883,00 
0:00:01:63 629,00 879,00 
0:00:01:64 629,00 879,00 
0:00:01:66 628,00 875,00 
0:00:01:68 628,00 875,00 
0:00:01:70 626,00 873,00 
0:00:01:71 626,00 873,00 
0:00:01:71 624,00 872,00 
0:00:01:73 624,00 872,00 
0:00:01:75 622,00 872,00 
0:00:01:76 622,00 872,00 
0:00:01:78 620,00 874,00 
0:00:01:80 620,00 874,00 
0:00:01:81 621,00 876,00 
0:00:01:83 621,00 876,00 
0:00:01:85 627,00 878,00 
0:00:01:87 627,00 878,00 
0:00:01:88 632,00 884,00 
0:00:01:90 632,00 884,00 
0:00:01:92 634,00 890,00 
0:00:01:93 634,00 890,00 
0:00:01:95 633,00 896,00 
0:00:01:97 633,00 896,00 
0:00:01:98 633,00 898,00 
0:00:02:00 633,00 898,00 
0:00:02:02 634,00 900,00 
0:00:02:04 634,00 900,00 
0:00:02:05 635,00 902,00 
0:00:02:07 635,00 902,00 
0:00:02:09 633,00 901,00 
0:00:02:10 633,00 901,00 
0:00:02:12 630,00 897,00 
0:00:02:14 630,00 897,00 
0:00:02:15 626,00 893,00 
0:00:02:17 626,00 893,00 
0:00:02:19 623,00 887,00 
0:00:02:21 623,00 887,00 
0:00:02:22 623,00 881,00 
0:00:02:24 623,00 881,00 
0:00:02:26 625,00 877,00 
0:00:02:27 625,00 877,00 
0:00:02:29 627,00 875,00 
0:00:02:31 627,00 875,00 
0:00:02:32 628,00 873,00 
0:00:02:34 628,00 873,00 
0:00:02:36 628,00 871,00 
0:00:02:38 628,00 871,00 
0:00:02:39 628,00 869,00 
0:00:02:41 628,00 869,00 
0:00:02:43 630,00 870,00 
0:00:02:44 630,00 870,00 
0:00:02:46 634,00 870,00 
0:00:02:48 634,00 870,00 
0:00:02:49 640,00 874,00 
0:00:02:51 640,00 874,00 
0:00:02:53 647,00 878,00 
0:00:02:55 647,00 878,00 
0:00:02:56 653,00 884,00 
0:00:02:56 653,00 884,00 
0:00:02:58 660,00 890,00 
0:00:02:60 660,00 890,00 
0:00:02:61 667,00 894,00 
0:00:02:63 667,00 894,00 
0:00:02:65 674,00 898,00 
0:00:02:66 674,00 898,00 
0:00:02:68 680,00 902,00 
0:00:02:70 680,00 902,00 
0:00:02:72 684,00 903,00 
0:00:02:73 684,00 903,00 
0:00:02:75 688,00 903,00 
0:00:02:77 688,00 903,00 
0:00:02:78 693,00 903,00 
0:00:02:80 693,00 903,00 
0:00:02:82 700,00 897,00 
0:00:02:83 700,00 897,00 
0:00:02:85 708,00 893,00 
0:00:02:87 708,00 893,00 
0:00:02:89 718,00 889,00 
0:00:02:90 718,00 889,00 
0:00:02:92 727,00 885,00 
0:00:02:94 727,00 885,00 
0:00:02:95 735,00 884,00 
0:00:02:97 735,00 884,00 
0:00:02:99 741,00 885,00 
0:00:03:00 741,00 885,00 
0:00:03:02 747,00 888,00 
0:00:03:04 747,00 888,00 
0:00:03:06 755,00 890,00 
0:00:03:07 755,00 890,00 
0:00:03:09 764,00 892,00 
0:00:03:11 764,00 892,00 
0:00:03:12 772,00 896,00 
0:00:03:14 772,00 896,00 
0:00:03:16 776,00 900,00 
0:00:03:17 776,00 900,00 
0:00:03:19 779,00 902,00 
0:00:03:21 779,00 902,00 
0:00:03:23 783,00 904,00 
0:00:03:24 783,00 904,00 
0:00:03:26 785,00 905,00 
0:00:03:28 786,00 905,00 
0:00:03:29 785,00 901,00 
0:00:03:31 785,00 901,00 
0:00:03:33 781,00 899,00 
0:00:03:34 781,00 899,00 
0:00:03:36 777,00 893,00 
0:00:03:38 777,00 893,00 
0:00:03:40 771,00 887,00 
0:00:03:41 771,00 887,00 
0:00:03:41 765,00 881,00 
0:00:03:43 765,00 881,00 
0:00:03:45 760,00 875,00 
0:00:03:46 760,00 875,00 
0:00:03:48 755,00 871,00 
0:00:03:50 755,00 871,00 
0:00:03:51 750,00 867,00 
0:00:03:53 750,00 867,00 
0:00:03:55 744,00 865,00 
0:00:03:57 744,00 865,00 
0:00:03:58 735,00 864,00 
0:00:03:60 735,00 864,00 
0:00:03:62 728,00 864,00 
0:00:03:63 728,00 864,00 
0:00:03:65 724,00 864,00 
0:00:03:67 724,00 864,00 
0:00:03:68 723,00 868,00 
0:00:03:70 723,00 868,00 
0:00:03:72 723,00 872,00 
0:00:03:74 723,00 872,00 
0:00:03:75 723,00 876,00 
0:00:03:77 723,00 876,00 
0:00:03:79 724,00 882,00 
0:00:03:80 724,00 882,00 
0:00:03:82 724,00 884,00 
0:00:03:84 724,00 884,00 
0:00:03:85 724,00 886,00 
0:00:03:87 724,00 886,00 
0:00:03:89 721,00 888,00 
0:00:03:91 721,00 888,00 
0:00:03:92 716,00 887,00 
0:00:03:94 716,00 887,00 
0:00:03:96 712,00 885,00 
0:00:03:97 712,00 885,00 
0:00:03:99 709,00 879,00 
0:00:04:01 709,00 879,00 
0:00:04:02 709,00 873,00 
0:00:04:04 709,00 873,00 
0:00:04:06 708,00 871,00 
0:00:04:08 708,00 871,00 
0:00:04:09 710,00 870,00 
0:00:04:11 710,00 870,00 
0:00:04:13 712,00 870,00 
0:00:04:14 712,00 870,00 
0:00:04:16 702,00 872,00 
0:00:04:18 702,00 872,00 
0:00:04:19 703,00 873,00 
0:00:04:21 703,00 873,00 
0:00:04:23 713,00 874,00 
0:00:04:25 713,00 874,00 
0:00:04:26 713,00 878,00 
0:00:04:26 713,00 878,00 
0:00:04:28 718,00 882,00 
0:00:04:30 718,00 882,00 
0:00:04:31 721,00 886,00 
0:00:04:33 721,00 886,00 
0:00:04:35 719,00 892,00 
0:00:04:36 719,00 892,00 
0:00:04:38 719,00 894,00 
0:00:04:40 719,00 894,00 
0:00:04:42 721,00 895,00 
0:00:04:43 721,00 895,00 
0:00:04:45 722,00 895,00 
0:00:04:47 722,00 895,00 
0:00:04:48 719,00 891,00 
0:00:04:50 719,00 891,00 
0:00:04:52 716,00 887,00 
0:00:04:53 716,00 887,00 
0:00:04:55 714,00 883,00 
0:00:04:57 714,00 883,00 
0:00:04:59 714,00 877,00 
0:00:04:60 714,00 877,00 
0:00:04:62 713,00 873,00 
0:00:04:64 713,00 873,00 
0:00:04:65 713,00 869,00 
0:00:04:67 713,00 869,00 
0:00:04:69 712,00 867,00 
0:00:04:70 712,00 867,00 
0:00:04:72 709,00 867,00 
0:00:04:74 709,00 867,00 
0:00:04:76 705,00 866,00 
0:00:04:77 705,00 866,00 
0:00:04:79 704,00 867,00 
0:00:04:81 704,00 867,00 
0:00:04:82 703,00 870,00 
0:00:04:84 703,00 870,00 
0:00:04:86 703,00 872,00 
0:00:04:87 703,00 872,00 
0:00:04:89 703,00 876,00 
0:00:04:91 703,00 876,00 
0:00:04:93 701,00 878,00 
0:00:04:94 701,00 878,00 
0:00:04:96 699,00 882,00 
0:00:04:98 699,00 882,00 
0:00:04:99 698,00 884,00 
0:00:05:01 698,00 884,00 
0:00:05:03 695,00 886,00 
0:00:05:04 695,00 886,00 
0:00:05:06 691,00 888,00 
0:00:05:08 691,00 888,00 
0:00:05:10 685,00 890,00 
0:00:05:11 685,00 890,00 
0:00:05:11 679,00 889,00 
0:00:05:13 679,00 889,00 
0:00:05:15 674,00 887,00 
0:00:05:16 674,00 887,00 
0:00:05:18 670,00 883,00 
0:00:05:20 670,00 883,00 
0:00:05:21 668,00 881,00 
0:00:05:23 668,00 881,00 
0:00:05:25 665,00 880,00 
0:00:05:27 665,00 880,00 
0:00:05:28 662,00 880,00 
0:00:05:30 662,00 880,00 
0:00:05:32 658,00 879,00 
0:00:05:33 658,00 879,00 
0:00:05:35 655,00 879,00 
0:00:05:37 655,00 879,00 
0:00:05:38 657,00 879,00 
0:00:05:40 657,00 879,00 
0:00:05:42 660,00 881,00 
0:00:05:44 660,00 881,00 
0:00:05:45 662,00 885,00 
0:00:05:47 662,00 885,00 
0:00:05:49 662,00 887,00 
0:00:05:50 662,00 887,00 
0:00:05:52 662,00 890,00 
0:00:05:54 662,00 890,00 
0:00:05:55 663,00 891,00 
0:00:05:57 663,00 891,00 
0:00:05:59 666,00 891,00 
0:00:05:61 666,00 891,00 
0:00:05:62 668,00 890,00 
0:00:05:64 668,00 890,00 
0:00:05:66 667,00 888,00 
0:00:05:67 667,00 888,00 
0:00:05:69 665,00 884,00 
0:00:05:71 665,00 884,00 
0:00:05:72 663,00 878,00 
0:00:05:74 663,00 878,00 
0:00:05:76 663,00 872,00 
0:00:05:78 663,00 872,00 
0:00:05:79 665,00 866,00 
0:00:05:81 665,00 866,00 
0:00:05:83 666,00 863,00 
0:00:05:84 666,00 863,00 
0:00:05:86 668,00 861,00 
0:00:05:88 668,00 861,00 
0:00:05:89 668,00 860,00 
0:00:05:91 668,00 860,00 
0:00:05:93 667,00 860,00 
0:00:05:95 667,00 860,00 
0:00:05:96 665,00 863,00 
0:00:05:96 665,00 863,00 
0:00:05:98 666,00 865,00 
0:00:06:00 666,00 865,00 
0:00:06:01 668,00 867,00 
0:00:06:03 668,00 867,00 
0:00:06:05 673,00 871,00 
0:00:06:06 673,00 871,00 
0:00:06:08 678,00 875,00 
0:00:06:10 678,00 875,00 
0:00:06:12 684,00 879,00 
0:00:06:13 684,00 879,00 
0:00:06:15 689,00 883,00 
0:00:06:17 689,00 883,00 
0:00:06:18 695,00 885,00 
0:00:06:20 695,00 885,00 
0:00:06:22 701,00 887,00 
0:00:06:23 701,00 887,00 
0:00:06:25 705,00 887,00 
0:00:06:27 705,00 887,00 
0:00:06:29 707,00 889,00 
0:00:06:30 707,00 889,00 
0:00:06:32 707,00 889,00 
0:00:06:34 707,00 889,00 
0:00:06:35 707,00 888,00 
0:00:06:37 707,00 888,00 
0:00:06:39 709,00 885,00 
0:00:06:40 709,00 885,00 
0:00:06:42 712,00 881,00 
0:00:06:44 712,00 881,00 
0:00:06:46 717,00 877,00 
0:00:06:47 717,00 877,00 
0:00:06:49 721,00 877,00 
0:00:06:51 721,00 877,00 
0:00:06:52 725,00 876,00 
0:00:06:54 725,00 876,00 
0:00:06:56 726,00 876,00 
0:00:06:57 726,00 876,00 
0:00:06:59 727,00 875,00 
0:00:06:61 726,00 875,00 
0:00:06:63 727,00 876,00 
0:00:06:64 727,00 876,00 
0:00:06:66 728,00 879,00 
0:00:06:68 728,00 879,00 
0:00:06:69 731,00 885,00 
0:00:06:71 731,00 885,00 
0:00:06:73 731,00 890,00 
0:00:06:74 731,00 890,00 
0:00:06:76 729,00 894,00 
0:00:06:78 729,00 894,00 
0:00:06:80 728,00 896,00 
0:00:06:81 728,00 896,00 
0:00:06:81 728,00 898,00 
0:00:06:83 728,00 898,00 
0:00:06:85 728,00 898,00 
0:00:06:86 728,00 898,00 
0:00:06:88 724,00 896,00 
0:00:06:90 724,00 896,00 
0:00:06:91 719,00 894,00 
0:00:06:93 719,00 894,00 
0:00:06:95 713,00 892,00 
0:00:06:97 713,00 892,00 
0:00:06:98 708,00 888,00 
0:00:07:00 708,00 888,00 
0:00:07:02 703,00 884,00 
0:00:07:03 703,00 884,00 
0:00:07:05 698,00 880,00 
0:00:07:07 698,00 880,00 
0:00:07:08 691,00 877,00 
0:00:07:10 691,00 877,00 
0:00:07:12 684,00 877,00 
0:00:07:14 684,00 877,00 
0:00:07:15 676,00 875,00 
0:00:07:17 676,00 875,00 
0:00:07:19 669,00 873,00 
0:00:07:20 669,00 873,00 
0:00:07:22 663,00 873,00 
0:00:07:24 663,00 873,00 
0:00:07:25 658,00 875,00 
0:00:07:27 658,00 875,00 
0:00:07:29 655,00 877,00 
0:00:07:31 655,00 877,00 
0:00:07:32 652,00 879,00 
0:00:07:34 652,00 879,00 
0:00:07:36 648,00 879,00 
0:00:07:37 648,00 879,00 
0:00:07:39 644,00 881,00 
0:00:07:41 644,00 881,00 
0:00:07:42 640,00 881,00 
0:00:07:44 640,00 881,00 
0:00:07:46 635,00 881,00 
0:00:07:48 635,00 881,00 
0:00:07:49 627,00 879,00 
0:00:07:51 627,00 879,00 
0:00:07:53 619,00 877,00 
0:00:07:54 619,00 877,00 
0:00:07:56 612,00 871,00 
0:00:07:58 612,00 871,00 
0:00:07:59 606,00 865,00 
0:00:07:61 606,00 865,00 
0:00:07:63 603,00 859,00 
0:00:07:65 603,00 859,00 
0:00:07:66 600,00 855,00 
0:00:07:66 600,00 855,00 
0:00:07:68 597,00 853,00 
0:00:07:70 597,00 853,00 
0:00:07:71 591,00 853,00 
0:00:07:73 591,00 853,00 
0:00:07:75 586,00 853,00 
0:00:07:76 586,00 853,00 
0:00:07:78 583,00 853,00 
0:00:07:80 583,00 853,00 
0:00:07:82 583,00 854,00 
0:00:07:83 583,00 854,00 
0:00:07:85 584,00 856,00 
0:00:07:87 584,00 856,00 
0:00:07:88 584,00 859,00 
0:00:07:90 584,00 859,00 
0:00:07:92 583,00 861,00 
0:00:07:93 583,00 861,00 
0:00:07:95 581,00 864,00 
0:00:07:97 581,00 864,00 
0:00:07:99 581,00 865,00 
0:00:08:00 581,00 865,00 
0:00:08:02 580,00 865,00 
0:00:08:04 580,00 865,00 
0:00:08:05 577,00 865,00 
0:00:08:07 577,00 865,00 
0:00:08:09 575,00 861,00 
0:00:08:10 575,00 861,00 
0:00:08:12 573,00 855,00 
0:00:08:14 573,00 855,00 
0:00:08:16 572,00 849,00 
0:00:08:17 572,00 849,00 
0:00:08:19 574,00 844,00 
0:00:08:21 574,00 844,00 
0:00:08:22 578,00 840,00 
0:00:08:24 578,00 840,00 
0:00:08:26 581,00 838,00 
0:00:08:27 581,00 838,00 
0:00:08:29 583,00 834,00 
0:00:08:31 583,00 834,00 
0:00:08:33 584,00 832,00 
0:00:08:34 584,00 832,00 
0:00:08:36 586,00 830,00 
0:00:08:38 586,00 830,00 
0:00:08:39 590,00 830,00 
0:00:08:41 590,00 830,00 
0:00:08:43 595,00 832,00 
0:00:08:44 595,00 832,00 
0:00:08:46 600,00 834,00 
0:00:08:48 600,00 834,00 
0:00:08:50 604,00 836,00 
0:00:08:51 604,00 836,00 
0:00:08:51 607,00 838,00 
0:00:08:53 607,00 838,00 
0:00:08:55 609,00 840,00 
0:00:08:56 609,00 840,00 
0:00:08:58 610,00 841,00 
0:00:08:60 610,00 841,00 
0:00:08:61 609,00 841,00 
0:00:08:63 609,00 841,00 
0:00:08:65 607,00 841,00 
0:00:08:67 607,00 841,00 
0:00:08:68 604,00 839,00 
0:00:08:70 604,00 839,00 
0:00:08:72 601,00 835,00 
0:00:08:73 601,00 835,00 
0:00:08:75 600,00 829,00 
0:00:08:77 600,00 829,00 
0:00:08:78 599,00 823,00 
0:00:08:80 599,00 823,00 
0:00:08:82 599,00 822,00 
0:00:08:84 599,00 822,00 
0:00:08:85 597,00 821,00 
0:00:08:87 597,00 821,00 
0:00:08:89 596,00 823,00 
0:00:08:90 596,00 823,00 
0:00:08:92 595,00 823,00 
0:00:08:94 595,00 823,00 
0:00:08:95 591,00 820,00 
0:00:08:97 591,00 820,00 
0:00:08:99 592,00 820,00 
0:00:09:01 592,00 820,00 
0:00:09:02 595,00 820,00 
0:00:09:04 595,00 820,00 
0:00:09:06 599,00 823,00 
0:00:09:07 599,00 823,00 
0:00:09:09 599,00 825,00 
0:00:09:11 599,00 825,00 
0:00:09:12 601,00 826,00 
0:00:09:14 601,00 826,00 
0:00:09:16 603,00 826,00 
0:00:09:18 603,00 826,00 
0:00:09:19 605,00 823,00 
0:00:09:21 605,00 823,00 
0:00:09:23 604,00 818,00 
0:00:09:24 604,00 818,00 
0:00:09:26 602,00 812,00 
0:00:09:28 602,00 812,00 
0:00:09:29 600,00 806,00 
0:00:09:31 600,00 806,00 
0:00:09:33 604,00 802,00 
0:00:09:35 604,00 802,00 
0:00:09:36 609,00 798,00 
0:00:09:36 609,00 798,00 
0:00:09:38 610,00 794,00 
0:00:09:40 610,00 794,00 
0:00:09:41 611,00 790,00 
0:00:09:43 611,00 790,00 
0:00:09:45 611,00 791,00 
0:00:09:46 611,00 791,00 
0:00:09:48 613,00 790,00 
0:00:09:50 613,00 790,00 
0:00:09:52 615,00 792,00 
0:00:09:53 615,00 792,00 
0:00:09:55 620,00 792,00 
0:00:09:57 620,00 792,00 
0:00:09:58 626,00 792,00 
0:00:09:60 626,00 792,00 
0:00:09:62 631,00 794,00 
0:00:09:63 631,00 794,00 
0:00:09:65 635,00 796,00 
0:00:09:67 635,00 796,00 
0:00:09:69 638,00 798,00 
0:00:09:70 638,00 798,00 
0:00:09:72 641,00 800,00 
0:00:09:74 641,00 800,00 
0:00:09:75 642,00 801,00 
0:00:09:77 642,00 801,00 
0:00:09:79 641,00 801,00 
0:00:09:80 641,00 801,00 
0:00:09:82 639,00 798,00 
0:00:09:84 639,00 798,00 
0:00:09:86 637,00 794,00 
0:00:09:87 637,00 794,00 
0:00:09:89 636,00 788,00 
0:00:09:91 636,00 788,00 
0:00:09:92 634,00 784,00 
0:00:09:94 634,00 784,00 
0:00:09:96 633,00 782,00 
0:00:09:97 633,00 782,00 
0:00:09:99 631,00 782,00 
0:00:10:01 631,00 782,00 
0:00:10:03 627,00 782,00 
0:00:10:04 627,00 782,00 
0:00:10:06 623,00 780,00 
0:00:10:08 623,00 780,00 
0:00:10:09 621,00 781,00 
0:00:10:11 621,00 781,00 
0:00:10:13 622,00 783,00 
0:00:10:14 622,00 783,00 
0:00:10:16 624,00 787,00 
0:00:10:18 624,00 787,00 
0:00:10:20 624,00 791,00 
0:00:10:21 624,00 791,00 
0:00:10:21 623,00 795,00 
0:00:10:23 623,00 795,00 
0:00:10:25 623,00 799,00 
0:00:10:26 623,00 799,00 
0:00:10:28 624,00 800,00 
0:00:10:30 624,00 800,00 
0:00:10:31 622,00 800,00 
0:00:10:33 622,00 800,00 
0:00:10:35 618,00 798,00 
0:00:10:37 618,00 798,00 
0:00:10:38 613,00 794,00 
0:00:10:40 613,00 794,00 
0:00:10:42 608,00 788,00 
0:00:10:43 608,00 788,00 
0:00:10:45 604,00 784,00 
0:00:10:47 604,00 784,00 
0:00:10:48 602,00 782,00 
0:00:10:50 602,00 782,00 
0:00:10:52 600,00 780,00 
0:00:10:54 600,00 780,00 
0:00:10:55 597,00 778,00 
0:00:10:57 597,00 778,00 
0:00:10:59 592,00 777,00 
0:00:10:60 592,00 777,00 
0:00:10:62 586,00 777,00 
0:00:10:64 586,00 777,00 
0:00:10:65 579,00 779,00 
0:00:10:67 579,00 779,00 
0:00:10:69 571,00 781,00 
0:00:10:71 571,00 781,00 
0:00:10:72 564,00 785,00 
0:00:10:74 564,00 785,00 
0:00:10:76 556,00 789,00 
0:00:10:77 556,00 789,00 
0:00:10:79 547,00 793,00 
0:00:10:81 547,00 793,00 
0:00:10:82 540,00 797,00 
0:00:10:84 540,00 797,00 
0:00:10:86 533,00 801,00 
0:00:10:88 533,00 801,00 
0:00:10:89 525,00 803,00 
0:00:10:91 525,00 803,00 
0:00:10:93 517,00 805,00 
0:00:10:94 517,00 805,00 
0:00:10:96 509,00 805,00 
0:00:10:98 509,00 805,00 
0:00:10:99 501,00 805,00 
0:00:11:01 501,00 805,00 
0:00:11:03 495,00 803,00 
0:00:11:05 495,00 803,00 
0:00:11:06 490,00 799,00 
0:00:11:06 490,00 799,00 
0:00:11:08 486,00 797,00 
0:00:11:10 486,00 797,00 
0:00:11:11 483,00 797,00 
0:00:11:13 483,00 797,00 
0:00:11:15 479,00 797,00 
0:00:11:16 479,00 797,00 
0:00:11:18 474,00 797,00 
0:00:11:20 474,00 797,00 
0:00:11:22 470,00 799,00 
0:00:11:23 470,00 799,00 
0:00:11:25 469,00 801,00 
0:00:11:27 469,00 801,00 
0:00:11:28 470,00 804,00 
0:00:11:30 470,00 804,00 
0:00:11:32 473,00 807,00 
0:00:11:33 473,00 807,00 
0:00:11:35 476,00 811,00 
0:00:11:37 476,00 811,00 
0:00:11:39 477,00 817,00 
0:00:11:40 477,00 817,00 
0:00:11:42 477,00 820,00 
0:00:11:44 477,00 820,00 
0:00:11:45 478,00 823,00 
0:00:11:47 478,00 823,00 
0:00:11:49 479,00 824,00 
0:00:11:50 479,00 824,00 
0:00:11:52 478,00 825,00 
0:00:11:54 478,00 825,00 
0:00:11:56 476,00 823,00 
0:00:11:57 476,00 823,00 
0:00:11:59 473,00 821,00 
0:00:11:61 473,00 821,00 
0:00:11:62 472,00 819,00 
0:00:11:64 472,00 819,00 
0:00:11:66 471,00 816,00 
0:00:11:67 471,00 816,00 
0:00:11:69 472,00 814,00 
0:00:11:70 472,00 814,00 


