#Kinovea Trajectory data export
#T X Y
0:00:00:00 713,00 653,00 
0:00:00:01 713,00 653,00 
0:00:00:01 709,00 657,00 
0:00:00:03 709,00 657,00 
0:00:00:05 704,00 661,00 
0:00:00:06 704,00 661,00 
0:00:00:08 696,00 665,00 
0:00:00:10 696,00 665,00 
0:00:00:11 687,00 671,00 
0:00:00:13 687,00 671,00 
0:00:00:15 677,00 675,00 
0:00:00:17 677,00 675,00 
0:00:00:18 666,00 679,00 
0:00:00:20 666,00 679,00 
0:00:00:22 655,00 681,00 
0:00:00:23 655,00 681,00 
0:00:00:25 645,00 683,00 
0:00:00:27 645,00 683,00 
0:00:00:28 634,00 681,00 
0:00:00:30 634,00 681,00 
0:00:00:32 624,00 679,00 
0:00:00:34 624,00 679,00 
0:00:00:35 616,00 677,00 
0:00:00:37 616,00 677,00 
0:00:00:39 609,00 673,00 
0:00:00:40 609,00 673,00 
0:00:00:42 601,00 673,00 
0:00:00:44 601,00 673,00 
0:00:00:45 592,00 673,00 
0:00:00:47 592,00 673,00 
0:00:00:49 583,00 675,00 
0:00:00:51 583,00 675,00 
0:00:00:52 579,00 675,00 
0:00:00:54 579,00 675,00 
0:00:00:56 582,00 676,00 
0:00:00:57 582,00 676,00 
0:00:00:59 586,00 679,00 
0:00:00:61 586,00 679,00 
0:00:00:62 588,00 683,00 
0:00:00:64 588,00 683,00 
0:00:00:66 587,00 687,00 
0:00:00:68 587,00 687,00 
0:00:00:69 586,00 691,00 
0:00:00:71 586,00 691,00 
0:00:00:73 585,00 695,00 
0:00:00:74 585,00 695,00 
0:00:00:76 584,00 697,00 
0:00:00:78 584,00 697,00 
0:00:00:79 582,00 697,00 
0:00:00:81 582,00 697,00 
0:00:00:83 580,00 694,00 
0:00:00:85 580,00 694,00 
0:00:00:86 577,00 689,00 
0:00:00:86 577,00 689,00 
0:00:00:88 575,00 684,00 
0:00:00:90 575,00 684,00 
0:00:00:91 573,00 676,00 
0:00:00:93 573,00 676,00 
0:00:00:95 574,00 668,00 
0:00:00:96 574,00 668,00 
0:00:00:98 576,00 664,00 
0:00:01:00 576,00 664,00 
0:00:01:02 579,00 660,00 
0:00:01:03 579,00 660,00 
0:00:01:05 582,00 658,00 
0:00:01:07 582,00 658,00 
0:00:01:08 583,00 656,00 
0:00:01:10 583,00 656,00 
0:00:01:12 583,00 654,00 
0:00:01:13 583,00 654,00 
0:00:01:15 585,00 656,00 
0:00:01:17 585,00 656,00 
0:00:01:19 585,00 657,00 
0:00:01:20 585,00 657,00 
0:00:01:22 582,00 657,00 
0:00:01:24 582,00 657,00 
0:00:01:25 580,00 661,00 
0:00:01:27 580,00 661,00 
0:00:01:29 582,00 667,00 
0:00:01:30 582,00 667,00 
0:00:01:32 582,00 671,00 
0:00:01:34 582,00 671,00 
0:00:01:36 580,00 677,00 
0:00:01:37 580,00 677,00 
0:00:01:39 578,00 681,00 
0:00:01:41 578,00 681,00 
0:00:01:42 576,00 685,00 
0:00:01:44 576,00 685,00 
0:00:01:46 575,00 687,00 
0:00:01:47 575,00 687,00 
0:00:01:49 573,00 689,00 
0:00:01:51 573,00 689,00 
0:00:01:53 571,00 689,00 
0:00:01:54 571,00 689,00 
0:00:01:56 570,00 687,00 
0:00:01:58 570,00 687,00 
0:00:01:59 565,00 685,00 
0:00:01:61 565,00 685,00 
0:00:01:63 559,00 681,00 
0:00:01:64 559,00 681,00 
0:00:01:66 551,00 677,00 
0:00:01:68 551,00 677,00 
0:00:01:70 545,00 677,00 
0:00:01:71 545,00 677,00 
0:00:01:71 538,00 679,00 
0:00:01:73 538,00 679,00 
0:00:01:75 534,00 681,00 
0:00:01:76 534,00 681,00 
0:00:01:78 537,00 680,00 
0:00:01:80 537,00 680,00 
0:00:01:81 548,00 680,00 
0:00:01:83 548,00 680,00 
0:00:01:85 555,00 682,00 
0:00:01:87 555,00 682,00 
0:00:01:88 559,00 687,00 
0:00:01:90 559,00 687,00 
0:00:01:92 559,00 693,00 
0:00:01:93 559,00 693,00 
0:00:01:95 560,00 697,00 
0:00:01:97 560,00 697,00 
0:00:01:98 562,00 698,00 
0:00:02:00 562,00 698,00 
0:00:02:02 566,00 700,00 
0:00:02:04 566,00 700,00 
0:00:02:05 568,00 698,00 
0:00:02:07 568,00 698,00 
0:00:02:09 569,00 694,00 
0:00:02:10 569,00 694,00 
0:00:02:12 569,00 688,00 
0:00:02:14 569,00 689,00 
0:00:02:15 567,00 681,00 
0:00:02:17 570,00 679,00 
0:00:02:19 567,00 669,00 
0:00:02:21 567,00 671,00 
0:00:02:22 570,00 663,00 
0:00:02:24 570,00 664,00 
0:00:02:26 575,00 662,00 
0:00:02:27 575,00 662,00 
0:00:02:29 583,00 658,00 
0:00:02:31 583,00 658,00 
0:00:02:32 590,00 656,00 
0:00:02:34 590,00 656,00 
0:00:02:36 595,00 652,00 
0:00:02:38 595,00 652,00 
0:00:02:39 597,00 650,00 
0:00:02:41 597,00 650,00 
0:00:02:43 598,00 650,00 
0:00:02:44 598,00 650,00 
0:00:02:46 600,00 650,00 
0:00:02:48 600,00 650,00 
0:00:02:50 600,00 650,00 
0:00:02:51 600,00 650,00 
0:00:02:53 603,00 654,00 
0:00:02:55 603,00 654,00 
0:00:02:56 608,00 660,00 
0:00:02:58 608,00 660,00 
0:00:02:60 612,00 668,00 
0:00:02:61 612,00 668,00 
0:00:02:63 615,00 674,00 
0:00:02:65 615,00 674,00 
0:00:02:66 616,00 680,00 
0:00:02:68 616,00 680,00 
0:00:02:70 616,00 684,00 
0:00:02:71 616,00 684,00 
0:00:02:73 617,00 688,00 
0:00:02:75 617,00 688,00 
0:00:02:76 619,00 690,00 
0:00:02:78 619,00 690,00 
0:00:02:80 622,00 690,00 
0:00:02:81 622,00 690,00 
0:00:02:83 624,00 689,00 
0:00:02:85 624,00 689,00 
0:00:02:86 626,00 685,00 
0:00:02:88 626,00 685,00 
0:00:02:90 630,00 682,00 
0:00:02:91 630,00 684,00 
0:00:02:93 634,00 684,00 
0:00:02:95 634,00 684,00 
0:00:02:96 635,00 686,00 
0:00:02:98 635,00 686,00 
0:00:03:00 640,00 688,00 
0:00:03:01 640,00 688,00 
0:00:03:03 651,00 690,00 
0:00:03:05 651,00 690,00 
0:00:03:06 664,00 692,00 
0:00:03:08 664,00 692,00 
0:00:03:10 672,00 696,00 
0:00:03:11 672,00 696,00 
0:00:03:13 678,00 700,00 
0:00:03:15 678,00 700,00 
0:00:03:16 684,00 704,00 
0:00:03:18 684,00 704,00 
0:00:03:20 691,00 706,00 
0:00:03:21 691,00 706,00 
0:00:03:23 699,00 706,00 
0:00:03:25 699,00 706,00 
0:00:03:26 708,00 703,00 
0:00:03:28 708,00 703,00 
0:00:03:30 712,00 699,00 
0:00:03:31 712,00 699,00 
0:00:03:33 711,00 695,00 
0:00:03:35 711,00 695,00 
0:00:03:36 708,00 689,00 
0:00:03:38 708,00 689,00 
0:00:03:40 703,00 681,00 
0:00:03:41 703,00 681,00 
0:00:03:43 699,00 673,00 
0:00:03:45 699,00 673,00 
0:00:03:46 699,00 665,00 
0:00:03:48 699,00 665,00 
0:00:03:50 700,00 661,00 
0:00:03:51 700,00 661,00 
0:00:03:53 700,00 657,00 
0:00:03:55 700,00 657,00 
0:00:03:56 698,00 653,00 
0:00:03:58 698,00 653,00 
0:00:03:60 692,00 651,00 
0:00:03:61 692,00 651,00 
0:00:03:63 686,00 651,00 
0:00:03:65 686,00 651,00 
0:00:03:66 680,00 651,00 
0:00:03:68 680,00 651,00 
0:00:03:70 675,00 656,00 
0:00:03:71 675,00 656,00 
0:00:03:73 673,00 660,00 
0:00:03:75 673,00 660,00 
0:00:03:76 670,00 668,00 
0:00:03:78 670,00 668,00 
0:00:03:80 666,00 674,00 
0:00:03:81 666,00 674,00 
0:00:03:83 660,00 682,00 
0:00:03:85 660,00 682,00 
0:00:03:86 653,00 685,00 
0:00:03:88 653,00 685,00 
0:00:03:90 646,00 689,00 
0:00:03:91 646,00 689,00 
0:00:03:93 639,00 691,00 
0:00:03:95 639,00 691,00 
0:00:03:96 633,00 689,00 
0:00:03:98 633,00 689,00 
0:00:04:00 627,00 685,00 
0:00:04:01 627,00 685,00 
0:00:04:03 620,00 683,00 
0:00:04:05 620,00 683,00 
0:00:04:06 613,00 683,00 
0:00:04:08 613,00 683,00 
0:00:04:10 605,00 687,00 
0:00:04:11 605,00 687,00 
0:00:04:13 599,00 690,00 
0:00:04:15 599,00 690,00 
0:00:04:16 595,00 694,00 
0:00:04:18 595,00 694,00 
0:00:04:20 601,00 692,00 
0:00:04:21 601,00 692,00 
0:00:04:23 609,00 692,00 
0:00:04:25 609,00 692,00 
0:00:04:26 614,00 698,00 
0:00:04:28 614,00 698,00 
0:00:04:30 618,00 704,00 
0:00:04:31 618,00 704,00 
0:00:04:33 620,00 708,00 
0:00:04:35 620,00 708,00 
0:00:04:36 623,00 710,00 
0:00:04:38 623,00 710,00 
0:00:04:40 626,00 712,00 
0:00:04:41 626,00 712,00 
0:00:04:43 630,00 712,00 
0:00:04:45 630,00 712,00 
0:00:04:46 633,00 709,00 
0:00:04:48 633,00 709,00 
0:00:04:50 633,00 705,00 
0:00:04:51 633,00 705,00 
0:00:04:53 633,00 699,00 
0:00:04:55 633,00 699,00 
0:00:04:56 634,00 695,00 
0:00:04:58 634,00 695,00 
0:00:04:60 637,00 689,00 
0:00:04:61 637,00 689,00 
0:00:04:63 641,00 683,00 
0:00:04:65 641,00 683,00 
0:00:04:66 647,00 679,00 
0:00:04:68 647,00 679,00 
0:00:04:70 651,00 677,00 
0:00:04:71 651,00 677,00 
0:00:04:73 651,00 676,00 
0:00:04:75 651,00 676,00 
0:00:04:76 650,00 677,00 
0:00:04:78 650,00 677,00 
0:00:04:80 648,00 677,00 
0:00:04:81 648,00 677,00 
0:00:04:83 646,00 680,00 
0:00:04:85 646,00 680,00 
0:00:04:86 643,00 684,00 
0:00:04:88 643,00 684,00 
0:00:04:90 640,00 688,00 
0:00:04:91 640,00 688,00 
0:00:04:93 637,00 692,00 
0:00:04:95 637,00 692,00 
0:00:04:96 633,00 698,00 
0:00:04:98 633,00 698,00 
0:00:05:00 626,00 701,00 
0:00:05:01 626,00 701,00 
0:00:05:03 617,00 705,00 
0:00:05:05 617,00 705,00 
0:00:05:06 608,00 709,00 
0:00:05:08 608,00 709,00 
0:00:05:10 600,00 713,00 
0:00:05:11 600,00 713,00 
0:00:05:13 591,00 713,00 
0:00:05:15 591,00 713,00 
0:00:05:16 581,00 713,00 
0:00:05:18 581,00 713,00 
0:00:05:20 572,00 711,00 
0:00:05:21 572,00 711,00 
0:00:05:23 563,00 711,00 
0:00:05:25 563,00 711,00 
0:00:05:26 556,00 716,00 
0:00:05:28 556,00 716,00 
0:00:05:30 550,00 717,00 
0:00:05:31 550,00 717,00 
0:00:05:33 549,00 717,00 
0:00:05:35 549,00 717,00 
0:00:05:36 553,00 714,00 
0:00:05:38 553,00 714,00 
0:00:05:40 557,00 716,00 
0:00:05:41 557,00 716,00 
0:00:05:43 560,00 718,00 
0:00:05:45 560,00 718,00 
0:00:05:46 562,00 722,00 
0:00:05:48 562,00 722,00 
0:00:05:50 566,00 728,00 
0:00:05:51 566,00 728,00 
0:00:05:53 569,00 730,00 
0:00:05:55 569,00 730,00 
0:00:05:56 574,00 730,00 
0:00:05:58 574,00 730,00 
0:00:05:60 578,00 728,00 
0:00:05:61 578,00 728,00 
0:00:05:63 582,00 728,00 
0:00:05:65 582,00 728,00 
0:00:05:66 585,00 724,00 
0:00:05:68 585,00 724,00 
0:00:05:70 586,00 719,00 
0:00:05:71 586,00 719,00 
0:00:05:73 589,00 711,00 
0:00:05:75 589,00 711,00 
0:00:05:76 593,00 705,00 
0:00:05:78 593,00 705,00 
0:00:05:80 599,00 698,00 
0:00:05:81 599,00 698,00 
0:00:05:83 607,00 694,00 
0:00:05:85 607,00 694,00 
0:00:05:86 614,00 692,00 
0:00:05:88 614,00 692,00 
0:00:05:90 618,00 690,00 
0:00:05:91 618,00 690,00 
0:00:05:93 620,00 690,00 
0:00:05:95 620,00 690,00 
0:00:05:96 620,00 692,00 
0:00:05:98 620,00 692,00 
0:00:06:00 620,00 694,00 
0:00:06:01 620,00 694,00 
0:00:06:03 621,00 698,00 
0:00:06:05 621,00 698,00 
0:00:06:06 624,00 702,00 
0:00:06:08 624,00 702,00 
0:00:06:10 626,00 706,00 
0:00:06:11 626,00 706,00 
0:00:06:13 628,00 712,00 
0:00:06:15 628,00 712,00 
0:00:06:16 630,00 716,00 
0:00:06:18 630,00 716,00 
0:00:06:20 631,00 720,00 
0:00:06:21 631,00 720,00 
0:00:06:23 632,00 724,00 
0:00:06:25 632,00 724,00 
0:00:06:26 631,00 726,00 
0:00:06:28 631,00 726,00 
0:00:06:30 629,00 728,00 
0:00:06:31 629,00 728,00 
0:00:06:33 627,00 731,00 
0:00:06:35 627,00 731,00 
0:00:06:36 625,00 731,00 
0:00:06:38 625,00 731,00 
0:00:06:40 623,00 729,00 
0:00:06:41 623,00 729,00 
0:00:06:43 624,00 727,00 
0:00:06:45 624,00 727,00 
0:00:06:46 624,00 725,00 
0:00:06:48 624,00 725,00 
0:00:06:50 625,00 726,00 
0:00:06:51 625,00 726,00 
0:00:06:53 625,00 727,00 
0:00:06:55 625,00 727,00 
0:00:06:56 626,00 726,00 
0:00:06:58 626,00 726,00 
0:00:06:60 631,00 724,00 
0:00:06:61 631,00 724,00 
0:00:06:63 637,00 724,00 
0:00:06:65 637,00 724,00 
0:00:06:66 639,00 727,00 
0:00:06:68 639,00 727,00 
0:00:06:70 638,00 733,00 
0:00:06:71 638,00 733,00 
0:00:06:73 638,00 737,00 
0:00:06:75 638,00 737,00 
0:00:06:76 638,00 740,00 
0:00:06:78 638,00 740,00 
0:00:06:80 640,00 742,00 
0:00:06:81 640,00 742,00 
0:00:06:83 642,00 742,00 
0:00:06:85 642,00 742,00 
0:00:06:86 643,00 742,00 
0:00:06:88 643,00 742,00 
0:00:06:90 643,00 739,00 
0:00:06:91 643,00 739,00 
0:00:06:93 644,00 733,00 
0:00:06:95 644,00 733,00 
0:00:06:96 641,00 729,00 
0:00:06:98 641,00 729,00 
0:00:07:00 639,00 723,00 
0:00:07:01 639,00 723,00 
0:00:07:03 637,00 719,00 
0:00:07:05 637,00 719,00 
0:00:07:06 636,00 715,00 
0:00:07:08 636,00 715,00 
0:00:07:10 635,00 713,00 
0:00:07:11 635,00 713,00 
0:00:07:13 632,00 711,00 
0:00:07:15 632,00 711,00 
0:00:07:16 627,00 709,00 
0:00:07:18 627,00 709,00 
0:00:07:20 621,00 707,00 
0:00:07:21 621,00 707,00 
0:00:07:23 614,00 707,00 
0:00:07:25 614,00 707,00 
0:00:07:26 608,00 707,00 
0:00:07:28 608,00 707,00 
0:00:07:30 603,00 709,00 
0:00:07:31 603,00 709,00 
0:00:07:33 598,00 711,00 
0:00:07:35 598,00 711,00 
0:00:07:36 591,00 715,00 
0:00:07:38 591,00 715,00 
0:00:07:40 582,00 717,00 
0:00:07:41 582,00 717,00 
0:00:07:43 572,00 719,00 
0:00:07:45 572,00 719,00 
0:00:07:46 561,00 719,00 
0:00:07:48 561,00 719,00 
0:00:07:50 551,00 721,00 
0:00:07:51 551,00 721,00 
0:00:07:53 541,00 719,00 
0:00:07:55 541,00 719,00 
0:00:07:56 531,00 715,00 
0:00:07:58 531,00 715,00 
0:00:07:60 522,00 709,00 
0:00:07:61 522,00 709,00 
0:00:07:63 514,00 705,00 
0:00:07:65 514,00 705,00 
0:00:07:66 506,00 705,00 
0:00:07:68 506,00 705,00 
0:00:07:70 498,00 705,00 
0:00:07:71 498,00 705,00 
0:00:07:73 486,00 708,00 
0:00:07:75 486,00 708,00 
0:00:07:76 483,00 708,00 
0:00:07:78 483,00 708,00 
0:00:07:80 483,00 709,00 
0:00:07:81 483,00 709,00 
0:00:07:83 485,00 709,00 
0:00:07:85 485,00 709,00 
0:00:07:86 486,00 712,00 
0:00:07:88 486,00 712,00 
0:00:07:90 485,00 714,00 
0:00:07:91 485,00 714,00 
0:00:07:93 485,00 716,00 
0:00:07:95 485,00 716,00 
0:00:07:96 485,00 718,00 
0:00:07:98 485,00 718,00 
0:00:08:00 486,00 717,00 
0:00:08:01 486,00 717,00 
0:00:08:03 487,00 717,00 
0:00:08:05 487,00 717,00 
0:00:08:06 488,00 715,00 
0:00:08:08 488,00 715,00 
0:00:08:10 489,00 710,00 
0:00:08:11 489,00 710,00 
0:00:08:13 489,00 703,00 
0:00:08:15 489,00 703,00 
0:00:08:16 492,00 695,00 
0:00:08:18 492,00 695,00 
0:00:08:20 499,00 687,00 
0:00:08:21 499,00 687,00 
0:00:08:23 506,00 683,00 
0:00:08:25 506,00 683,00 
0:00:08:26 514,00 679,00 
0:00:08:28 514,00 679,00 
0:00:08:30 520,00 675,00 
0:00:08:31 520,00 675,00 
0:00:08:33 523,00 673,00 
0:00:08:35 523,00 673,00 
0:00:08:36 528,00 671,00 
0:00:08:38 528,00 671,00 
0:00:08:40 532,00 673,00 
0:00:08:41 532,00 673,00 
0:00:08:43 536,00 675,00 
0:00:08:45 536,00 675,00 
0:00:08:46 539,00 677,00 
0:00:08:48 539,00 677,00 
0:00:08:50 541,00 681,00 
0:00:08:51 541,00 681,00 
0:00:08:53 541,00 684,00 
0:00:08:55 541,00 684,00 
0:00:08:56 540,00 690,00 
0:00:08:58 540,00 690,00 
0:00:08:60 535,00 692,00 
0:00:08:61 535,00 692,00 
0:00:08:63 529,00 692,00 
0:00:08:65 529,00 692,00 
0:00:08:66 523,00 692,00 
0:00:08:68 523,00 692,00 
0:00:08:70 517,00 692,00 
0:00:08:71 517,00 692,00 
0:00:08:73 511,00 690,00 
0:00:08:75 511,00 690,00 
0:00:08:76 505,00 686,00 
0:00:08:78 505,00 686,00 
0:00:08:80 500,00 684,00 
0:00:08:81 500,00 684,00 
0:00:08:83 497,00 684,00 
0:00:08:85 497,00 684,00 
0:00:08:86 493,00 686,00 
0:00:08:88 493,00 686,00 
0:00:08:90 490,00 686,00 
0:00:08:91 490,00 686,00 
0:00:08:93 493,00 682,00 
0:00:08:95 493,00 682,00 
0:00:08:96 496,00 677,00 
0:00:08:98 496,00 677,00 
0:00:09:00 499,00 676,00 
0:00:09:01 499,00 676,00 
0:00:09:03 502,00 678,00 
0:00:09:05 502,00 678,00 
0:00:09:06 505,00 680,00 
0:00:09:08 505,00 680,00 
0:00:09:10 508,00 680,00 
0:00:09:11 508,00 680,00 
0:00:09:13 513,00 680,00 
0:00:09:15 513,00 680,00 
0:00:09:16 518,00 677,00 
0:00:09:18 518,00 677,00 
0:00:09:20 522,00 674,00 
0:00:09:21 522,00 674,00 
0:00:09:23 526,00 668,00 
0:00:09:25 526,00 668,00 
0:00:09:26 529,00 660,00 
0:00:09:28 529,00 660,00 
0:00:09:30 532,00 654,00 
0:00:09:31 532,00 654,00 
0:00:09:33 537,00 648,00 
0:00:09:35 537,00 648,00 
0:00:09:36 543,00 642,00 
0:00:09:38 543,00 642,00 
0:00:09:40 549,00 638,00 
0:00:09:41 549,00 638,00 
0:00:09:43 554,00 634,00 
0:00:09:45 554,00 634,00 
0:00:09:46 557,00 632,00 
0:00:09:48 557,00 632,00 
0:00:09:50 560,00 632,00 
0:00:09:51 560,00 632,00 
0:00:09:53 563,00 632,00 
0:00:09:55 563,00 632,00 
0:00:09:56 566,00 634,00 
0:00:09:58 566,00 634,00 
0:00:09:60 569,00 636,00 
0:00:09:61 569,00 636,00 
0:00:09:63 570,00 639,00 
0:00:09:65 570,00 639,00 
0:00:09:66 570,00 643,00 
0:00:09:68 570,00 643,00 
0:00:09:70 570,00 647,00 
0:00:09:71 570,00 647,00 
0:00:09:73 567,00 651,00 
0:00:09:75 567,00 651,00 
0:00:09:76 563,00 654,00 
0:00:09:78 563,00 654,00 
0:00:09:80 557,00 656,00 
0:00:09:81 557,00 656,00 
0:00:09:83 552,00 654,00 
0:00:09:85 552,00 654,00 
0:00:09:86 546,00 652,00 
0:00:09:88 546,00 652,00 
0:00:09:90 540,00 648,00 
0:00:09:91 540,00 648,00 
0:00:09:93 535,00 648,00 
0:00:09:95 535,00 648,00 
0:00:09:96 530,00 650,00 
0:00:09:98 530,00 650,00 
0:00:10:00 528,00 651,00 
0:00:10:01 528,00 651,00 
0:00:10:03 528,00 650,00 
0:00:10:05 528,00 650,00 
0:00:10:06 531,00 646,00 
0:00:10:08 531,00 646,00 
0:00:10:10 534,00 644,00 
0:00:10:11 534,00 644,00 
0:00:10:13 534,00 647,00 
0:00:10:15 534,00 647,00 
0:00:10:16 534,00 653,00 
0:00:10:18 534,00 653,00 
0:00:10:20 529,00 654,00 
0:00:10:21 529,00 654,00 
0:00:10:23 529,00 658,00 
0:00:10:25 529,00 658,00 
0:00:10:26 532,00 660,00 
0:00:10:28 532,00 660,00 
0:00:10:30 535,00 659,00 
0:00:10:31 535,00 659,00 
0:00:10:33 537,00 657,00 
0:00:10:35 537,00 657,00 
0:00:10:36 537,00 653,00 
0:00:10:38 537,00 653,00 
0:00:10:40 535,00 647,00 
0:00:10:41 535,00 647,00 
0:00:10:43 534,00 643,00 
0:00:10:45 534,00 643,00 
0:00:10:46 534,00 637,00 
0:00:10:48 534,00 637,00 
0:00:10:50 535,00 633,00 
0:00:10:51 535,00 633,00 
0:00:10:53 537,00 631,00 
0:00:10:55 537,00 631,00 
0:00:10:56 538,00 629,00 
0:00:10:58 538,00 629,00 
0:00:10:60 537,00 628,00 
0:00:10:61 537,00 628,00 
0:00:10:63 534,00 628,00 
0:00:10:65 534,00 628,00 
0:00:10:66 529,00 628,00 
0:00:10:68 529,00 628,00 
0:00:10:70 522,00 630,00 
0:00:10:71 522,00 630,00 
0:00:10:73 513,00 634,00 
0:00:10:75 513,00 634,00 
0:00:10:76 502,00 638,00 
0:00:10:78 502,00 638,00 
0:00:10:80 491,00 644,00 
0:00:10:81 491,00 644,00 
0:00:10:83 478,00 654,00 
0:00:10:85 478,00 654,00 
0:00:10:86 466,00 660,00 
0:00:10:88 466,00 660,00 
0:00:10:90 454,00 664,00 
0:00:10:91 454,00 664,00 
0:00:10:93 441,00 668,00 
0:00:10:95 441,00 668,00 
0:00:10:96 429,00 670,00 
0:00:10:98 429,00 670,00 
0:00:11:00 418,00 670,00 
0:00:11:01 418,00 670,00 
0:00:11:03 409,00 670,00 
0:00:11:05 409,00 670,00 
0:00:11:06 401,00 670,00 
0:00:11:08 401,00 670,00 
0:00:11:10 395,00 670,00 
0:00:11:11 395,00 670,00 
0:00:11:13 389,00 670,00 
0:00:11:15 389,00 670,00 
0:00:11:16 384,00 672,00 
0:00:11:18 384,00 672,00 
0:00:11:20 383,00 673,00 
0:00:11:21 383,00 673,00 
0:00:11:23 384,00 674,00 
0:00:11:25 384,00 674,00 
0:00:11:26 386,00 674,00 
0:00:11:28 386,00 674,00 
0:00:11:30 389,00 676,00 
0:00:11:31 389,00 676,00 
0:00:11:33 390,00 680,00 
0:00:11:35 390,00 680,00 
0:00:11:36 391,00 684,00 
0:00:11:38 391,00 684,00 
0:00:11:40 393,00 689,00 
0:00:11:41 393,00 689,00 
0:00:11:43 391,00 691,00 
0:00:11:45 391,00 691,00 
0:00:11:46 393,00 693,00 
0:00:11:48 393,00 693,00 
0:00:11:50 396,00 693,00 
0:00:11:51 396,00 693,00 
0:00:11:53 398,00 691,00 
0:00:11:55 398,00 691,00 
0:00:11:56 400,00 689,00 
0:00:11:58 400,00 689,00 
0:00:11:60 401,00 685,00 
0:00:11:61 401,00 685,00 
0:00:11:63 404,00 683,00 
0:00:11:65 404,00 683,00 
0:00:11:66 407,00 679,00 
0:00:11:68 407,00 679,00 
0:00:11:70 411,00 677,00 


