#Kinovea Trajectory data export
#T X Y
0:00:00:00 781,00 586,00 
0:00:00:01 778,00 587,00 
0:00:00:01 774,00 591,00 
0:00:00:03 774,00 591,00 
0:00:00:05 767,00 595,00 
0:00:00:06 767,00 595,00 
0:00:00:08 757,00 597,00 
0:00:00:10 757,00 597,00 
0:00:00:11 745,00 601,00 
0:00:00:13 745,00 601,00 
0:00:00:15 730,00 601,00 
0:00:00:17 730,00 601,00 
0:00:00:18 717,00 601,00 
0:00:00:20 717,00 601,00 
0:00:00:22 704,00 603,00 
0:00:00:23 704,00 603,00 
0:00:00:25 692,00 603,00 
0:00:00:27 692,00 603,00 
0:00:00:28 680,00 601,00 
0:00:00:30 680,00 601,00 
0:00:00:32 667,00 599,00 
0:00:00:34 667,00 599,00 
0:00:00:35 654,00 593,00 
0:00:00:37 654,00 593,00 
0:00:00:39 641,00 587,00 
0:00:00:40 641,00 587,00 
0:00:00:42 629,00 587,00 
0:00:00:44 629,00 587,00 
0:00:00:45 620,00 589,00 
0:00:00:47 620,00 589,00 
0:00:00:49 617,00 591,00 
0:00:00:51 617,00 591,00 
0:00:00:52 620,00 592,00 
0:00:00:54 620,00 592,00 
0:00:00:56 625,00 594,00 
0:00:00:57 625,00 594,00 
0:00:00:59 627,00 597,00 
0:00:00:61 627,00 597,00 
0:00:00:62 628,00 600,00 
0:00:00:64 628,00 600,00 
0:00:00:66 629,00 605,00 
0:00:00:68 629,00 605,00 
0:00:00:69 630,00 609,00 
0:00:00:71 630,00 609,00 
0:00:00:73 630,00 612,00 
0:00:00:74 630,00 612,00 
0:00:00:76 630,00 614,00 
0:00:00:78 630,00 614,00 
0:00:00:79 629,00 615,00 
0:00:00:81 629,00 615,00 
0:00:00:83 628,00 613,00 
0:00:00:85 628,00 613,00 
0:00:00:86 629,00 611,00 
0:00:00:86 629,00 611,00 
0:00:00:88 630,00 608,00 
0:00:00:90 630,00 608,00 
0:00:00:91 632,00 602,00 
0:00:00:93 632,00 602,00 
0:00:00:95 637,00 596,00 
0:00:00:96 637,00 596,00 
0:00:00:98 641,00 592,00 
0:00:01:00 641,00 592,00 
0:00:01:02 645,00 590,00 
0:00:01:03 645,00 590,00 
0:00:01:05 649,00 589,00 
0:00:01:07 649,00 589,00 
0:00:01:08 652,00 588,00 
0:00:01:10 652,00 588,00 
0:00:01:12 652,00 587,00 
0:00:01:13 652,00 587,00 
0:00:01:15 655,00 589,00 
0:00:01:17 655,00 589,00 
0:00:01:19 655,00 588,00 
0:00:01:20 655,00 588,00 
0:00:01:22 653,00 587,00 
0:00:01:24 653,00 587,00 
0:00:01:25 651,00 591,00 
0:00:01:27 651,00 591,00 
0:00:01:29 653,00 597,00 
0:00:01:30 653,00 597,00 
0:00:01:32 654,00 601,00 
0:00:01:34 654,00 601,00 
0:00:01:36 649,00 603,00 
0:00:01:37 649,00 603,00 
0:00:01:39 643,00 606,00 
0:00:01:41 643,00 606,00 
0:00:01:42 637,00 607,00 
0:00:01:44 637,00 607,00 
0:00:01:46 632,00 609,00 
0:00:01:47 632,00 609,00 
0:00:01:49 629,00 609,00 
0:00:01:51 629,00 609,00 
0:00:01:53 625,00 607,00 
0:00:01:54 625,00 607,00 
0:00:01:56 621,00 605,00 
0:00:01:58 621,00 605,00 
0:00:01:59 614,00 602,00 
0:00:01:61 614,00 602,00 
0:00:01:63 603,00 594,00 
0:00:01:64 603,00 594,00 
0:00:01:66 590,00 590,00 
0:00:01:68 590,00 590,00 
0:00:01:70 581,00 593,00 
0:00:01:71 581,00 593,00 
0:00:01:71 576,00 596,00 
0:00:01:73 576,00 596,00 
0:00:01:75 577,00 596,00 
0:00:01:76 577,00 596,00 
0:00:01:78 586,00 595,00 
0:00:01:80 586,00 595,00 
0:00:01:81 597,00 596,00 
0:00:01:83 597,00 596,00 
0:00:01:85 603,00 599,00 
0:00:01:87 603,00 599,00 
0:00:01:88 606,00 605,00 
0:00:01:90 606,00 605,00 
0:00:01:92 608,00 609,00 
0:00:01:93 608,00 609,00 
0:00:01:95 611,00 613,00 
0:00:01:97 611,00 613,00 
0:00:01:98 615,00 614,00 
0:00:02:00 615,00 614,00 
0:00:02:02 619,00 615,00 
0:00:02:04 619,00 615,00 
0:00:02:05 621,00 614,00 
0:00:02:07 621,00 614,00 
0:00:02:09 624,00 612,00 
0:00:02:10 624,00 612,00 
0:00:02:12 628,00 608,00 
0:00:02:14 628,00 608,00 
0:00:02:15 632,00 604,00 
0:00:02:17 632,00 604,00 
0:00:02:19 635,00 598,00 
0:00:02:21 635,00 598,00 
0:00:02:22 641,00 592,00 
0:00:02:24 641,00 592,00 
0:00:02:26 648,00 587,00 
0:00:02:27 648,00 587,00 
0:00:02:29 657,00 585,00 
0:00:02:31 657,00 585,00 
0:00:02:32 664,00 583,00 
0:00:02:34 664,00 583,00 
0:00:02:36 669,00 581,00 
0:00:02:38 669,00 581,00 
0:00:02:39 672,00 579,00 
0:00:02:41 672,00 579,00 
0:00:02:43 674,00 578,00 
0:00:02:44 674,00 578,00 
0:00:02:46 677,00 578,00 
0:00:02:48 677,00 578,00 
0:00:02:49 679,00 581,00 
0:00:02:51 679,00 581,00 
0:00:02:53 682,00 585,00 
0:00:02:55 682,00 585,00 
0:00:02:56 687,00 591,00 
0:00:02:56 687,00 591,00 
0:00:02:58 688,00 595,00 
0:00:02:60 688,00 595,00 
0:00:02:61 687,00 599,00 
0:00:02:63 687,00 599,00 
0:00:02:65 683,00 603,00 
0:00:02:66 683,00 603,00 
0:00:02:68 680,00 605,00 
0:00:02:70 680,00 605,00 
0:00:02:72 678,00 607,00 
0:00:02:73 678,00 607,00 
0:00:02:75 679,00 607,00 
0:00:02:77 679,00 607,00 
0:00:02:78 679,00 607,00 
0:00:02:80 679,00 607,00 
0:00:02:82 679,00 604,00 
0:00:02:83 679,00 604,00 
0:00:02:85 677,00 598,00 
0:00:02:87 677,00 598,00 
0:00:02:89 674,00 594,00 
0:00:02:90 674,00 594,00 
0:00:02:92 675,00 595,00 
0:00:02:94 675,00 595,00 
0:00:02:95 681,00 600,00 
0:00:02:97 681,00 600,00 
0:00:02:99 694,00 603,00 
0:00:03:00 694,00 603,00 
0:00:03:02 710,00 605,00 
0:00:03:04 710,00 605,00 
0:00:03:06 720,00 609,00 
0:00:03:07 720,00 609,00 
0:00:03:09 726,00 613,00 
0:00:03:11 726,00 613,00 
0:00:03:12 733,00 617,00 
0:00:03:14 733,00 617,00 
0:00:03:16 740,00 621,00 
0:00:03:17 740,00 621,00 
0:00:03:19 747,00 625,00 
0:00:03:21 747,00 625,00 
0:00:03:23 756,00 625,00 
0:00:03:24 756,00 625,00 
0:00:03:26 764,00 623,00 
0:00:03:28 764,00 623,00 
0:00:03:29 772,00 619,00 
0:00:03:31 772,00 619,00 
0:00:03:33 779,00 614,00 
0:00:03:34 779,00 614,00 
0:00:03:36 778,00 610,00 
0:00:03:38 778,00 610,00 
0:00:03:40 777,00 602,00 
0:00:03:41 777,00 602,00 
0:00:03:41 778,00 596,00 
0:00:03:43 778,00 596,00 
0:00:03:45 780,00 592,00 
0:00:03:46 780,00 592,00 
0:00:03:48 782,00 588,00 
0:00:03:50 782,00 588,00 
0:00:03:51 783,00 584,00 
0:00:03:53 783,00 584,00 
0:00:03:55 781,00 582,00 
0:00:03:57 781,00 582,00 
0:00:03:58 777,00 580,00 
0:00:03:60 777,00 580,00 
0:00:03:62 767,00 579,00 
0:00:03:63 767,00 579,00 
0:00:03:65 760,00 579,00 
0:00:03:67 760,00 579,00 
0:00:03:68 754,00 581,00 
0:00:03:70 754,00 581,00 
0:00:03:72 751,00 592,00 
0:00:03:74 751,00 592,00 
0:00:03:75 748,00 599,00 
0:00:03:77 748,00 599,00 
0:00:03:79 740,00 603,00 
0:00:03:80 740,00 603,00 
0:00:03:82 730,00 609,00 
0:00:03:84 732,00 610,00 
0:00:03:85 722,00 614,00 
0:00:03:87 722,00 614,00 
0:00:03:89 713,00 616,00 
0:00:03:91 713,00 616,00 
0:00:03:92 703,00 616,00 
0:00:03:94 703,00 616,00 
0:00:03:96 693,00 612,00 
0:00:03:97 693,00 612,00 
0:00:03:99 679,00 605,00 
0:00:04:01 679,00 605,00 
0:00:04:02 665,00 597,00 
0:00:04:04 665,00 597,00 
0:00:04:06 651,00 597,00 
0:00:04:08 651,00 597,00 
0:00:04:09 643,00 605,00 
0:00:04:11 643,00 605,00 
0:00:04:13 638,00 609,00 
0:00:04:14 638,00 609,00 
0:00:04:16 642,00 610,00 
0:00:04:18 642,00 610,00 
0:00:04:19 653,00 612,00 
0:00:04:21 653,00 612,00 
0:00:04:23 663,00 612,00 
0:00:04:25 663,00 612,00 
0:00:04:26 664,00 616,00 
0:00:04:26 664,00 616,00 
0:00:04:28 666,00 624,00 
0:00:04:30 666,00 624,00 
0:00:04:31 671,00 628,00 
0:00:04:33 671,00 628,00 
0:00:04:35 677,00 632,00 
0:00:04:36 677,00 632,00 
0:00:04:38 682,00 634,00 
0:00:04:40 682,00 634,00 
0:00:04:42 686,00 634,00 
0:00:04:43 686,00 634,00 
0:00:04:45 689,00 632,00 
0:00:04:47 689,00 632,00 
0:00:04:48 693,00 630,00 
0:00:04:50 693,00 630,00 
0:00:04:52 699,00 627,00 
0:00:04:53 699,00 627,00 
0:00:04:55 703,00 623,00 
0:00:04:57 703,00 623,00 
0:00:04:59 708,00 619,00 
0:00:04:60 708,00 619,00 
0:00:04:62 714,00 615,00 
0:00:04:64 714,00 615,00 
0:00:04:65 721,00 611,00 
0:00:04:67 721,00 611,00 
0:00:04:69 725,00 611,00 
0:00:04:70 725,00 611,00 
0:00:04:72 727,00 611,00 
0:00:04:74 727,00 611,00 
0:00:04:76 725,00 612,00 
0:00:04:77 725,00 612,00 
0:00:04:79 722,00 612,00 
0:00:04:81 722,00 612,00 
0:00:04:82 717,00 614,00 
0:00:04:84 717,00 614,00 
0:00:04:86 714,00 618,00 
0:00:04:87 714,00 618,00 
0:00:04:89 714,00 624,00 
0:00:04:91 714,00 624,00 
0:00:04:93 710,00 628,00 
0:00:04:94 710,00 628,00 
0:00:04:96 701,00 628,00 
0:00:04:98 701,00 628,00 
0:00:04:99 691,00 632,00 
0:00:05:01 691,00 632,00 
0:00:05:03 679,00 636,00 
0:00:05:04 679,00 636,00 
0:00:05:06 668,00 638,00 
0:00:05:08 668,00 638,00 
0:00:05:10 657,00 640,00 
0:00:05:11 657,00 640,00 
0:00:05:11 648,00 639,00 
0:00:05:13 648,00 639,00 
0:00:05:15 635,00 637,00 
0:00:05:16 635,00 637,00 
0:00:05:18 621,00 633,00 
0:00:05:20 621,00 633,00 
0:00:05:21 608,00 633,00 
0:00:05:23 608,00 633,00 
0:00:05:25 601,00 639,00 
0:00:05:27 597,00 638,00 
0:00:05:28 593,00 640,00 
0:00:05:30 593,00 640,00 
0:00:05:32 595,00 639,00 
0:00:05:33 595,00 639,00 
0:00:05:35 601,00 639,00 
0:00:05:37 601,00 639,00 
0:00:05:38 605,00 641,00 
0:00:05:40 605,00 641,00 
0:00:05:42 607,00 644,00 
0:00:05:44 607,00 644,00 
0:00:05:45 609,00 648,00 
0:00:05:47 609,00 648,00 
0:00:05:49 612,00 651,00 
0:00:05:50 612,00 651,00 
0:00:05:52 617,00 653,00 
0:00:05:54 617,00 653,00 
0:00:05:55 622,00 653,00 
0:00:05:57 622,00 653,00 
0:00:05:59 627,00 653,00 
0:00:05:61 627,00 653,00 
0:00:05:62 631,00 653,00 
0:00:05:64 631,00 653,00 
0:00:05:66 635,00 651,00 
0:00:05:67 635,00 651,00 
0:00:05:69 643,00 647,00 
0:00:05:71 643,00 647,00 
0:00:05:72 649,00 643,00 
0:00:05:74 649,00 643,00 
0:00:05:76 655,00 637,00 
0:00:05:78 655,00 637,00 
0:00:05:79 663,00 631,00 
0:00:05:81 663,00 631,00 
0:00:05:83 672,00 629,00 
0:00:05:84 672,00 629,00 
0:00:05:86 681,00 629,00 
0:00:05:88 681,00 629,00 
0:00:05:89 686,00 627,00 
0:00:05:91 686,00 627,00 
0:00:05:93 688,00 628,00 
0:00:05:95 688,00 628,00 
0:00:05:96 688,00 628,00 
0:00:05:96 688,00 628,00 
0:00:05:98 687,00 632,00 
0:00:06:00 687,00 632,00 
0:00:06:01 688,00 634,00 
0:00:06:03 688,00 634,00 
0:00:06:05 690,00 639,00 
0:00:06:06 690,00 639,00 
0:00:06:08 693,00 643,00 
0:00:06:10 693,00 643,00 
0:00:06:12 694,00 648,00 
0:00:06:13 694,00 648,00 
0:00:06:15 693,00 650,00 
0:00:06:17 693,00 650,00 
0:00:06:18 692,00 652,00 
0:00:06:20 692,00 652,00 
0:00:06:22 690,00 654,00 
0:00:06:23 690,00 654,00 
0:00:06:25 686,00 656,00 
0:00:06:27 686,00 656,00 
0:00:06:29 681,00 656,00 
0:00:06:30 681,00 656,00 
0:00:06:32 677,00 658,00 
0:00:06:34 677,00 658,00 
0:00:06:35 673,00 658,00 
0:00:06:37 673,00 658,00 
0:00:06:39 667,00 654,00 
0:00:06:40 667,00 654,00 
0:00:06:42 662,00 650,00 
0:00:06:44 662,00 650,00 
0:00:06:46 659,00 648,00 
0:00:06:47 659,00 648,00 
0:00:06:49 659,00 651,00 
0:00:06:51 659,00 651,00 
0:00:06:52 661,00 653,00 
0:00:06:54 661,00 653,00 
0:00:06:56 665,00 651,00 
0:00:06:57 665,00 651,00 
0:00:06:59 674,00 647,00 
0:00:06:61 674,00 647,00 
0:00:06:63 682,00 647,00 
0:00:06:64 682,00 647,00 
0:00:06:66 684,00 653,00 
0:00:06:68 684,00 653,00 
0:00:06:69 683,00 659,00 
0:00:06:71 683,00 659,00 
0:00:06:73 683,00 663,00 
0:00:06:74 683,00 663,00 
0:00:06:76 687,00 668,00 
0:00:06:78 687,00 668,00 
0:00:06:80 689,00 670,00 
0:00:06:81 689,00 670,00 
0:00:06:81 692,00 670,00 
0:00:06:83 692,00 670,00 
0:00:06:85 693,00 670,00 
0:00:06:86 693,00 670,00 
0:00:06:88 695,00 668,00 
0:00:06:90 695,00 668,00 
0:00:06:91 697,00 665,00 
0:00:06:93 697,00 665,00 
0:00:06:95 697,00 663,00 
0:00:06:97 697,00 663,00 
0:00:06:98 696,00 659,00 
0:00:07:00 696,00 659,00 
0:00:07:02 696,00 655,00 
0:00:07:03 696,00 655,00 
0:00:07:05 697,00 651,00 
0:00:07:07 697,00 651,00 
0:00:07:08 696,00 649,00 
0:00:07:10 696,00 649,00 
0:00:07:12 695,00 649,00 
0:00:07:14 695,00 649,00 
0:00:07:15 691,00 647,00 
0:00:07:17 691,00 647,00 
0:00:07:19 684,00 645,00 
0:00:07:20 684,00 645,00 
0:00:07:22 676,00 645,00 
0:00:07:24 676,00 645,00 
0:00:07:25 670,00 645,00 
0:00:07:27 670,00 645,00 
0:00:07:29 666,00 649,00 
0:00:07:31 666,00 649,00 
0:00:07:32 660,00 650,00 
0:00:07:34 660,00 650,00 
0:00:07:36 650,00 650,00 
0:00:07:37 650,00 650,00 
0:00:07:39 639,00 650,00 
0:00:07:41 639,00 650,00 
0:00:07:42 626,00 652,00 
0:00:07:44 626,00 652,00 
0:00:07:46 614,00 652,00 
0:00:07:48 614,00 652,00 
0:00:07:49 602,00 650,00 
0:00:07:51 602,00 650,00 
0:00:07:53 590,00 648,00 
0:00:07:54 590,00 648,00 
0:00:07:56 577,00 644,00 
0:00:07:58 577,00 644,00 
0:00:07:59 564,00 636,00 
0:00:07:61 564,00 636,00 
0:00:07:63 549,00 630,00 
0:00:07:65 549,00 630,00 
0:00:07:66 538,00 628,00 
0:00:07:66 538,00 628,00 
0:00:07:68 530,00 632,00 
0:00:07:70 530,00 632,00 
0:00:07:71 526,00 632,00 
0:00:07:73 525,00 632,00 
0:00:07:75 527,00 631,00 
0:00:07:76 527,00 631,00 
0:00:07:78 529,00 633,00 
0:00:07:80 529,00 633,00 
0:00:07:82 530,00 635,00 
0:00:07:83 530,00 635,00 
0:00:07:85 531,00 636,00 
0:00:07:87 531,00 636,00 
0:00:07:88 532,00 640,00 
0:00:07:90 532,00 640,00 
0:00:07:92 531,00 642,00 
0:00:07:93 531,00 642,00 
0:00:07:95 532,00 643,00 
0:00:07:97 532,00 643,00 
0:00:07:99 533,00 645,00 
0:00:08:00 533,00 645,00 
0:00:08:02 535,00 643,00 
0:00:08:04 535,00 643,00 
0:00:08:05 537,00 641,00 
0:00:08:07 537,00 641,00 
0:00:08:09 540,00 637,00 
0:00:08:10 540,00 637,00 
0:00:08:12 544,00 633,00 
0:00:08:14 544,00 633,00 
0:00:08:16 551,00 625,00 
0:00:08:17 551,00 625,00 
0:00:08:19 560,00 621,00 
0:00:08:21 560,00 621,00 
0:00:08:22 569,00 617,00 
0:00:08:24 569,00 617,00 
0:00:08:26 577,00 615,00 
0:00:08:27 577,00 615,00 
0:00:08:29 583,00 613,00 
0:00:08:31 583,00 613,00 
0:00:08:33 586,00 611,00 
0:00:08:34 586,00 611,00 
0:00:08:36 589,00 607,00 
0:00:08:38 589,00 607,00 
0:00:08:39 591,00 607,00 
0:00:08:41 591,00 607,00 
0:00:08:43 595,00 607,00 
0:00:08:44 595,00 607,00 
0:00:08:46 600,00 613,00 
0:00:08:48 600,00 613,00 
0:00:08:50 602,00 616,00 
0:00:08:51 602,00 616,00 
0:00:08:51 599,00 616,00 
0:00:08:53 599,00 616,00 
0:00:08:55 594,00 620,00 
0:00:08:56 594,00 620,00 
0:00:08:58 587,00 620,00 
0:00:08:60 587,00 620,00 
0:00:08:61 580,00 622,00 
0:00:08:63 580,00 622,00 
0:00:08:65 571,00 620,00 
0:00:08:67 571,00 620,00 
0:00:08:68 562,00 620,00 
0:00:08:70 562,00 620,00 
0:00:08:72 554,00 616,00 
0:00:08:73 554,00 616,00 
0:00:08:75 545,00 610,00 
0:00:08:77 545,00 610,00 
0:00:08:78 538,00 608,00 
0:00:08:80 538,00 608,00 
0:00:08:82 535,00 608,00 
0:00:08:84 535,00 608,00 
0:00:08:85 530,00 612,00 
0:00:08:87 530,00 612,00 
0:00:08:89 528,00 614,00 
0:00:08:90 528,00 614,00 
0:00:08:92 530,00 609,00 
0:00:08:94 530,00 609,00 
0:00:08:95 538,00 605,00 
0:00:08:97 538,00 605,00 
0:00:08:99 545,00 605,00 
0:00:09:01 545,00 605,00 
0:00:09:02 544,00 608,00 
0:00:09:04 544,00 608,00 
0:00:09:06 546,00 611,00 
0:00:09:07 546,00 611,00 
0:00:09:09 552,00 611,00 
0:00:09:11 552,00 611,00 
0:00:09:12 557,00 611,00 
0:00:09:14 557,00 611,00 
0:00:09:16 561,00 609,00 
0:00:09:18 561,00 609,00 
0:00:09:19 566,00 605,00 
0:00:09:21 566,00 605,00 
0:00:09:23 571,00 601,00 
0:00:09:24 571,00 601,00 
0:00:09:26 577,00 595,00 
0:00:09:28 577,00 595,00 
0:00:09:29 583,00 587,00 
0:00:09:31 583,00 587,00 
0:00:09:33 589,00 581,00 
0:00:09:35 589,00 581,00 
0:00:09:36 598,00 579,00 
0:00:09:36 598,00 579,00 
0:00:09:38 606,00 575,00 
0:00:09:40 606,00 575,00 
0:00:09:41 611,00 573,00 
0:00:09:43 611,00 573,00 
0:00:09:45 614,00 573,00 
0:00:09:46 614,00 573,00 
0:00:09:48 616,00 573,00 
0:00:09:50 616,00 573,00 
0:00:09:52 618,00 571,00 
0:00:09:53 618,00 571,00 
0:00:09:55 622,00 573,00 
0:00:09:57 622,00 573,00 
0:00:09:58 626,00 575,00 
0:00:09:60 626,00 575,00 
0:00:09:62 626,00 578,00 
0:00:09:63 626,00 578,00 
0:00:09:65 625,00 580,00 
0:00:09:67 625,00 580,00 
0:00:09:69 623,00 584,00 
0:00:09:70 623,00 584,00 
0:00:09:72 619,00 586,00 
0:00:09:74 618,00 586,00 
0:00:09:75 612,00 588,00 
0:00:09:77 612,00 588,00 
0:00:09:79 603,00 588,00 
0:00:09:80 603,00 588,00 
0:00:09:82 594,00 586,00 
0:00:09:84 594,00 586,00 
0:00:09:86 587,00 582,00 
0:00:09:87 587,00 582,00 
0:00:09:89 578,00 576,00 
0:00:09:91 578,00 576,00 
0:00:09:92 569,00 574,00 
0:00:09:94 569,00 574,00 
0:00:09:96 563,00 578,00 
0:00:09:97 563,00 578,00 
0:00:09:99 560,00 580,00 
0:00:10:01 560,00 580,00 
0:00:10:03 561,00 579,00 
0:00:10:04 561,00 579,00 
0:00:10:06 567,00 575,00 
0:00:10:08 567,00 575,00 
0:00:10:09 573,00 575,00 
0:00:10:11 573,00 575,00 
0:00:10:13 575,00 580,00 
0:00:10:14 575,00 580,00 
0:00:10:16 572,00 586,00 
0:00:10:18 572,00 586,00 
0:00:10:20 570,00 590,00 
0:00:10:21 570,00 590,00 
0:00:10:21 571,00 594,00 
0:00:10:23 571,00 594,00 
0:00:10:25 573,00 596,00 
0:00:10:26 573,00 596,00 
0:00:10:28 575,00 597,00 
0:00:10:30 575,00 597,00 
0:00:10:31 577,00 595,00 
0:00:10:33 577,00 595,00 
0:00:10:35 580,00 593,00 
0:00:10:37 580,00 593,00 
0:00:10:38 581,00 589,00 
0:00:10:40 581,00 589,00 
0:00:10:42 582,00 583,00 
0:00:10:43 582,00 583,00 
0:00:10:45 583,00 579,00 
0:00:10:47 583,00 579,00 
0:00:10:48 585,00 575,00 
0:00:10:50 585,00 575,00 
0:00:10:52 589,00 573,00 
0:00:10:54 589,00 573,00 
0:00:10:55 592,00 573,00 
0:00:10:57 592,00 573,00 
0:00:10:59 592,00 572,00 
0:00:10:60 592,00 572,00 
0:00:10:62 588,00 572,00 
0:00:10:64 588,00 572,00 
0:00:10:65 582,00 574,00 
0:00:10:67 582,00 574,00 
0:00:10:69 575,00 576,00 
0:00:10:71 575,00 576,00 
0:00:10:72 565,00 580,00 
0:00:10:74 565,00 580,00 
0:00:10:76 555,00 584,00 
0:00:10:77 555,00 584,00 
0:00:10:79 544,00 590,00 
0:00:10:81 544,00 590,00 
0:00:10:82 532,00 594,00 
0:00:10:84 532,00 594,00 
0:00:10:86 518,00 600,00 
0:00:10:88 518,00 600,00 
0:00:10:89 504,00 604,00 
0:00:10:91 504,00 604,00 
0:00:10:93 489,00 606,00 
0:00:10:94 489,00 606,00 
0:00:10:96 473,00 608,00 
0:00:10:98 473,00 608,00 
0:00:10:99 460,00 606,00 
0:00:11:01 460,00 606,00 
0:00:11:03 449,00 606,00 
0:00:11:05 449,00 606,00 
0:00:11:06 439,00 604,00 
0:00:11:06 439,00 604,00 
0:00:11:08 429,00 600,00 
0:00:11:10 429,00 600,00 
0:00:11:11 421,00 602,00 
0:00:11:13 421,00 602,00 
0:00:11:15 417,00 606,00 
0:00:11:16 417,00 606,00 
0:00:11:18 415,00 609,00 
0:00:11:20 415,00 609,00 
0:00:11:22 418,00 609,00 
0:00:11:23 418,00 609,00 
0:00:11:25 423,00 611,00 
0:00:11:27 423,00 611,00 
0:00:11:28 425,00 615,00 
0:00:11:30 425,00 615,00 
0:00:11:32 426,00 618,00 
0:00:11:33 426,00 618,00 
0:00:11:35 426,00 624,00 
0:00:11:37 426,00 624,00 
0:00:11:39 427,00 629,00 
0:00:11:40 427,00 629,00 
0:00:11:42 429,00 631,00 
0:00:11:44 429,00 631,00 
0:00:11:45 431,00 634,00 
0:00:11:47 431,00 634,00 
0:00:11:49 433,00 635,00 
0:00:11:50 433,00 635,00 
0:00:11:52 436,00 634,00 
0:00:11:54 436,00 634,00 
0:00:11:56 439,00 633,00 
0:00:11:57 439,00 633,00 
0:00:11:59 443,00 631,00 
0:00:11:61 443,00 631,00 
0:00:11:62 446,00 629,00 
0:00:11:64 446,00 629,00 
0:00:11:66 451,00 625,00 
0:00:11:67 451,00 625,00 
0:00:11:69 456,00 625,00 
0:00:11:70 456,00 625,00 


