#Kinovea Trajectory data export
#T X Y
0:00:00:00 795,00 365,00 
0:00:00:03 811,00 366,00 
0:00:00:06 825,00 366,00 
0:00:00:10 836,00 367,00 
0:00:00:13 847,00 367,00 
0:00:00:16 858,00 368,00 
0:00:00:20 871,00 369,00 
0:00:00:23 877,00 371,00 
0:00:00:26 884,00 373,00 
0:00:00:30 895,00 373,00 
0:00:00:33 908,00 374,00 
0:00:00:36 922,00 374,00 
0:00:00:40 936,00 375,00 
0:00:00:43 951,00 375,00 
0:00:00:46 964,00 379,00 
0:00:00:50 977,00 380,00 
0:00:00:53 989,00 380,00 
0:00:00:56 1002,00 381,00 
0:00:00:60 1010,00 386,00 
0:00:00:63 1012,00 392,00 
0:00:00:66 1017,00 389,00 
0:00:00:70 1006,00 391,00 
0:00:00:73 996,00 397,00 
0:00:00:76 981,00 396,00 
0:00:00:80 954,00 395,00 
0:00:00:83 920,00 400,00 
0:00:00:86 878,00 399,00 
0:00:00:90 832,00 402,00 
0:00:00:93 792,00 409,00 
0:00:00:96 751,00 430,00 
0:00:01:00 713,00 443,00 
0:00:01:03 677,00 441,00 
0:00:01:06 655,00 465,00 
0:00:01:10 633,00 466,00 
0:00:01:13 624,00 467,00 
0:00:01:16 618,00 451,00 
0:00:01:20 620,00 443,00 
0:00:01:23 639,00 453,00 
0:00:01:26 650,00 436,00 
0:00:01:30 677,00 435,00 
0:00:01:33 701,00 435,00 
0:00:01:36 719,00 435,00 
0:00:01:40 738,00 434,00 
0:00:01:43 755,00 434,00 
0:00:01:46 771,00 434,00 
0:00:01:50 787,00 435,00 
0:00:01:53 811,00 435,00 
0:00:01:56 830,00 433,00 
0:00:01:60 847,00 438,00 
0:00:01:63 864,00 437,00 
0:00:01:66 880,00 436,00 
0:00:01:70 898,00 433,00 
0:00:01:73 918,00 431,00 
0:00:01:76 937,00 431,00 
0:00:01:80 957,00 437,00 
0:00:01:83 975,00 437,00 
0:00:01:86 992,00 440,00 
0:00:01:90 1000,00 448,00 
0:00:01:93 1014,00 448,00 
0:00:01:96 1026,00 448,00 
0:00:02:00 1032,00 447,00 
0:00:02:03 1044,00 448,00 
0:00:02:06 1040,00 449,00 
0:00:02:10 1027,00 446,00 
0:00:02:13 1002,00 454,00 
0:00:02:16 977,00 452,00 
0:00:02:20 937,00 468,00 
0:00:02:23 905,00 466,00 
0:00:02:26 874,00 486,00 
0:00:02:30 846,00 494,00 
0:00:02:33 821,00 501,00 
0:00:02:36 801,00 518,00 
0:00:02:40 786,00 520,00 
0:00:02:43 783,00 522,00 
0:00:02:46 791,00 522,00 
0:00:02:50 799,00 524,00 
0:00:02:53 810,00 524,00 
0:00:02:56 814,00 480,00 
0:00:02:60 835,00 481,00 
0:00:02:63 852,00 482,00 
0:00:02:66 866,00 483,00 
0:00:02:70 876,00 484,00 
0:00:02:73 884,00 486,00 
0:00:02:76 886,00 488,00 
0:00:02:80 887,00 488,00 
0:00:02:83 888,00 490,00 
0:00:02:87 902,00 494,00 
0:00:02:90 904,00 494,00 
0:00:02:93 907,00 494,00 
0:00:02:97 908,00 494,00 
0:00:03:00 911,00 494,00 
0:00:03:03 914,00 493,00 
0:00:03:07 919,00 492,00 
0:00:03:10 925,00 491,00 
0:00:03:13 931,00 489,00 
0:00:03:17 938,00 487,00 
0:00:03:20 942,00 485,00 
0:00:03:23 946,00 480,00 
0:00:03:27 944,00 478,00 
0:00:03:30 938,00 468,00 
0:00:03:33 931,00 453,00 
0:00:03:37 913,00 440,00 
0:00:03:40 885,00 427,00 
0:00:03:43 851,00 416,00 
0:00:03:47 812,00 411,00 
0:00:03:50 775,00 399,00 
0:00:03:53 741,00 406,00 
0:00:03:57 696,00 419,00 
0:00:03:60 662,00 415,00 
0:00:03:63 631,00 412,00 
0:00:03:67 613,00 426,00 
0:00:03:70 597,00 418,00 
0:00:03:73 591,00 404,00 
0:00:03:77 596,00 393,00 
0:00:03:80 612,00 394,00 
0:00:03:83 619,00 372,00 
0:00:03:87 647,00 367,00 
0:00:03:90 672,00 356,00 
0:00:03:93 691,00 354,00 
0:00:03:97 708,00 349,00 
0:00:04:00 724,00 349,00 
0:00:04:03 739,00 348,00 
0:00:04:07 753,00 347,00 
0:00:04:10 777,00 348,00 
0:00:04:13 791,00 351,00 
0:00:04:17 800,00 349,00 
0:00:04:20 813,00 350,00 
0:00:04:23 826,00 350,00 
0:00:04:27 839,00 350,00 
0:00:04:30 850,00 350,00 
0:00:04:33 863,00 349,00 
0:00:04:37 873,00 349,00 
0:00:04:40 882,00 349,00 
0:00:04:43 890,00 347,00 
0:00:04:47 895,00 347,00 
0:00:04:50 896,00 347,00 
0:00:04:53 888,00 348,00 
0:00:04:57 879,00 348,00 
0:00:04:60 856,00 351,00 
0:00:04:63 827,00 355,00 
0:00:04:67 794,00 358,00 
0:00:04:70 755,00 360,00 
0:00:04:73 707,00 366,00 
0:00:04:77 666,00 371,00 
0:00:04:80 630,00 387,00 
0:00:04:83 595,00 392,00 
0:00:04:87 563,00 395,00 
0:00:04:90 544,00 411,00 
0:00:04:93 531,00 421,00 
0:00:04:97 521,00 413,00 
0:00:05:00 520,00 413,00 
0:00:05:03 525,00 415,00 
0:00:05:07 514,00 380,00 
0:00:05:10 531,00 378,00 
0:00:05:13 543,00 378,00 
0:00:05:17 551,00 379,00 
0:00:05:20 558,00 379,00 
0:00:05:23 564,00 380,00 
0:00:05:27 570,00 380,00 
0:00:05:30 576,00 381,00 
0:00:05:33 583,00 382,00 
0:00:05:37 591,00 383,00 
0:00:05:40 609,00 381,00 
0:00:05:43 626,00 382,00 
0:00:05:47 636,00 382,00 
0:00:05:50 646,00 383,00 
0:00:05:53 656,00 384,00 
0:00:05:57 667,00 384,00 
0:00:05:60 678,00 383,00 
0:00:05:63 688,00 383,00 
0:00:05:67 697,00 381,00 
0:00:05:70 705,00 378,00 


