#Kinovea Trajectory data export
#T X Y
0:00:00:00 744,00 238,00 
0:00:00:03 763,00 236,00 
0:00:00:06 780,00 234,00 
0:00:00:10 797,00 235,00 
0:00:00:13 813,00 235,00 
0:00:00:16 830,00 236,00 
0:00:00:20 847,00 237,00 
0:00:00:23 864,00 238,00 
0:00:00:26 880,00 238,00 
0:00:00:30 899,00 244,00 
0:00:00:33 916,00 250,00 
0:00:00:36 938,00 257,00 
0:00:00:40 956,00 257,00 
0:00:00:43 974,00 257,00 
0:00:00:46 991,00 257,00 
0:00:00:50 1007,00 256,00 
0:00:00:53 1023,00 258,00 
0:00:00:56 1038,00 259,00 
0:00:00:60 1051,00 261,00 
0:00:00:63 1065,00 260,00 
0:00:00:66 1073,00 259,00 
0:00:00:70 1075,00 263,00 
0:00:00:73 1079,00 272,00 
0:00:00:76 1062,00 287,00 
0:00:00:80 1031,00 289,00 
0:00:00:83 990,00 288,00 
0:00:00:86 949,00 291,00 
0:00:00:90 906,00 299,00 
0:00:00:93 871,00 301,00 
0:00:00:96 816,00 308,00 
0:00:01:00 765,00 319,00 
0:00:01:03 722,00 313,00 
0:00:01:06 670,00 316,00 
0:00:01:10 618,00 315,00 
0:00:01:13 579,00 320,00 
0:00:01:16 557,00 323,00 
0:00:01:20 544,00 306,00 
0:00:01:23 562,00 295,00 
0:00:01:26 595,00 293,00 
0:00:01:30 625,00 292,00 
0:00:01:33 653,00 290,00 
0:00:01:36 677,00 290,00 
0:00:01:40 701,00 290,00 
0:00:01:43 724,00 289,00 
0:00:01:46 746,00 289,00 
0:00:01:50 769,00 289,00 
0:00:01:53 791,00 288,00 
0:00:01:56 814,00 288,00 
0:00:01:60 843,00 291,00 
0:00:01:63 864,00 293,00 
0:00:01:66 886,00 292,00 
0:00:01:70 916,00 292,00 
0:00:01:73 940,00 291,00 
0:00:01:76 960,00 289,00 
0:00:01:80 983,00 289,00 
0:00:01:83 1006,00 288,00 
0:00:01:86 1026,00 293,00 
0:00:01:90 1041,00 299,00 
0:00:01:93 1062,00 299,00 
0:00:01:96 1081,00 293,00 
0:00:02:00 1094,00 305,00 
0:00:02:03 1110,00 309,00 
0:00:02:06 1127,00 311,00 
0:00:02:10 1125,00 318,00 
0:00:02:13 1095,00 319,00 
0:00:02:16 1071,00 319,00 
0:00:02:20 1033,00 333,00 
0:00:02:23 1002,00 333,00 
0:00:02:26 950,00 342,00 
0:00:02:30 897,00 373,00 
0:00:02:33 855,00 379,00 
0:00:02:36 815,00 382,00 
0:00:02:40 778,00 384,00 
0:00:02:43 754,00 378,00 
0:00:02:46 724,00 372,00 
0:00:02:50 722,00 370,00 
0:00:02:53 733,00 357,00 
0:00:02:56 762,00 356,00 
0:00:02:60 780,00 346,00 
0:00:02:63 802,00 346,00 
0:00:02:66 823,00 346,00 
0:00:02:70 841,00 347,00 
0:00:02:73 857,00 347,00 
0:00:02:76 868,00 348,00 
0:00:02:80 877,00 348,00 
0:00:02:83 885,00 349,00 
0:00:02:87 892,00 350,00 
0:00:02:90 903,00 353,00 
0:00:02:93 909,00 355,00 
0:00:02:97 919,00 355,00 
0:00:03:00 928,00 354,00 
0:00:03:03 937,00 353,00 
0:00:03:07 947,00 352,00 
0:00:03:10 958,00 352,00 
0:00:03:13 969,00 351,00 
0:00:03:17 980,00 350,00 
0:00:03:20 991,00 346,00 
0:00:03:23 996,00 355,00 
0:00:03:27 1003,00 352,00 
0:00:03:30 1003,00 343,00 
0:00:03:33 1005,00 334,00 
0:00:03:37 995,00 334,00 
0:00:03:40 967,00 325,00 
0:00:03:43 927,00 313,00 
0:00:03:47 888,00 305,00 
0:00:03:50 856,00 299,00 
0:00:03:53 793,00 296,00 
0:00:03:57 746,00 301,00 
0:00:03:60 698,00 302,00 
0:00:03:63 652,00 302,00 
0:00:03:67 611,00 300,00 
0:00:03:70 578,00 297,00 
0:00:03:73 550,00 290,00 
0:00:03:77 538,00 286,00 
0:00:03:80 549,00 262,00 
0:00:03:83 585,00 254,00 
0:00:03:87 613,00 242,00 
0:00:03:90 642,00 235,00 
0:00:03:93 668,00 232,00 
0:00:03:97 690,00 227,00 
0:00:04:00 712,00 223,00 
0:00:04:03 732,00 218,00 
0:00:04:07 753,00 219,00 
0:00:04:10 773,00 219,00 
0:00:04:13 785,00 206,00 
0:00:04:17 814,00 214,00 
0:00:04:20 829,00 220,00 
0:00:04:23 848,00 220,00 
0:00:04:27 867,00 220,00 
0:00:04:30 885,00 219,00 
0:00:04:33 902,00 218,00 
0:00:04:37 918,00 219,00 
0:00:04:40 934,00 220,00 
0:00:04:43 947,00 222,00 
0:00:04:47 961,00 226,00 
0:00:04:50 969,00 227,00 
0:00:04:53 970,00 229,00 
0:00:04:57 968,00 239,00 
0:00:04:60 954,00 242,00 
0:00:04:63 920,00 243,00 
0:00:04:67 874,00 247,00 
0:00:04:70 834,00 252,00 
0:00:04:73 790,00 258,00 
0:00:04:77 734,00 272,00 
0:00:04:80 682,00 266,00 
0:00:04:83 630,00 272,00 
0:00:04:87 580,00 274,00 
0:00:04:90 534,00 274,00 
0:00:04:93 490,00 284,00 
0:00:04:97 456,00 279,00 
0:00:05:00 450,00 286,00 
0:00:05:03 452,00 279,00 
0:00:05:07 465,00 268,00 
0:00:05:10 488,00 267,00 
0:00:05:13 505,00 266,00 
0:00:05:17 516,00 260,00 
0:00:05:20 529,00 258,00 
0:00:05:23 542,00 258,00 
0:00:05:27 556,00 257,00 
0:00:05:30 569,00 257,00 
0:00:05:33 583,00 257,00 
0:00:05:37 593,00 249,00 
0:00:05:40 606,00 248,00 
0:00:05:43 628,00 248,00 
0:00:05:47 650,00 246,00 
0:00:05:50 682,00 251,00 
0:00:05:53 684,00 248,00 
0:00:05:57 700,00 248,00 
0:00:05:60 715,00 247,00 
0:00:05:63 730,00 246,00 
0:00:05:67 744,00 245,00 
0:00:05:70 758,00 244,00 


