#Kinovea Trajectory data export
#T X Y
0:00:00:00 910,00 245,00 
0:00:00:01 910,00 245,00 
0:00:00:01 901,00 254,00 
0:00:00:03 901,00 254,00 
0:00:00:05 875,00 260,00 
0:00:00:06 875,00 260,00 
0:00:00:08 841,00 258,00 
0:00:00:10 841,00 258,00 
0:00:00:11 800,00 256,00 
0:00:00:13 800,00 256,00 
0:00:00:15 756,00 256,00 
0:00:00:17 756,00 256,00 
0:00:00:18 709,00 256,00 
0:00:00:20 709,00 256,00 
0:00:00:22 656,00 246,00 
0:00:00:23 656,00 246,00 
0:00:00:25 601,00 237,00 
0:00:00:27 601,00 237,00 
0:00:00:28 615,00 237,00 
0:00:00:30 543,00 249,00 
0:00:00:32 495,00 247,00 
0:00:00:34 495,00 247,00 
0:00:00:35 458,00 243,00 
0:00:00:37 458,00 243,00 
0:00:00:39 434,00 237,00 
0:00:00:40 434,00 237,00 
0:00:00:42 421,00 225,00 
0:00:00:44 421,00 225,00 
0:00:00:45 425,00 220,00 
0:00:00:47 425,00 220,00 
0:00:00:49 441,00 220,00 
0:00:00:51 441,00 220,00 
0:00:00:52 457,00 218,00 
0:00:00:54 457,00 218,00 
0:00:00:56 473,00 218,00 
0:00:00:57 473,00 218,00 
0:00:00:59 489,00 218,00 
0:00:00:61 489,00 218,00 
0:00:00:62 506,00 216,00 
0:00:00:64 506,00 216,00 
0:00:00:66 522,00 216,00 
0:00:00:68 522,00 216,00 
0:00:00:69 539,00 216,00 
0:00:00:71 539,00 216,00 
0:00:00:73 555,00 216,00 
0:00:00:74 555,00 216,00 
0:00:00:76 569,00 216,00 
0:00:00:78 569,00 216,00 
0:00:00:79 585,00 216,00 
0:00:00:81 585,00 216,00 
0:00:00:83 601,00 214,00 
0:00:00:85 601,00 214,00 
0:00:00:86 617,00 214,00 
0:00:00:86 617,00 214,00 
0:00:00:88 633,00 214,00 
0:00:00:90 633,00 214,00 
0:00:00:91 651,00 212,00 
0:00:00:93 651,00 212,00 
0:00:00:95 668,00 212,00 
0:00:00:96 668,00 212,00 
0:00:00:98 687,00 212,00 
0:00:01:00 687,00 212,00 
0:00:01:02 706,00 210,00 
0:00:01:03 706,00 210,00 
0:00:01:05 725,00 210,00 
0:00:01:07 725,00 210,00 
0:00:01:08 745,00 208,00 
0:00:01:10 745,00 208,00 
0:00:01:12 765,00 208,00 
0:00:01:13 765,00 208,00 
0:00:01:15 784,00 208,00 
0:00:01:17 784,00 208,00 
0:00:01:19 798,00 212,00 
0:00:01:20 798,00 212,00 
0:00:01:22 809,00 216,00 
0:00:01:24 809,00 216,00 
0:00:01:25 810,00 223,00 
0:00:01:27 810,00 223,00 
0:00:01:29 800,00 233,00 
0:00:01:30 800,00 233,00 
0:00:01:32 777,00 239,00 
0:00:01:34 777,00 239,00 
0:00:01:36 744,00 239,00 
0:00:01:37 744,00 239,00 
0:00:01:39 704,00 239,00 
0:00:01:41 704,00 239,00 
0:00:01:42 663,00 239,00 
0:00:01:44 663,00 239,00 
0:00:01:46 620,00 239,00 
0:00:01:47 620,00 239,00 
0:00:01:49 579,00 243,00 
0:00:01:51 579,00 243,00 
0:00:01:53 528,00 243,00 
0:00:01:54 528,00 243,00 
0:00:01:56 480,00 243,00 
0:00:01:58 480,00 243,00 
0:00:01:59 432,00 243,00 
0:00:01:61 432,00 243,00 
0:00:01:63 392,00 241,00 
0:00:01:64 392,00 241,00 
0:00:01:66 368,00 233,00 
0:00:01:68 368,00 233,00 
0:00:01:70 364,00 221,00 
0:00:01:71 364,00 221,00 
0:00:01:71 379,00 209,00 
0:00:01:73 379,00 209,00 
0:00:01:75 403,00 209,00 
0:00:01:76 403,00 209,00 
0:00:01:78 425,00 209,00 
0:00:01:80 426,00 209,00 
0:00:01:81 448,00 207,00 
0:00:01:83 448,00 207,00 
0:00:01:85 470,00 207,00 
0:00:01:87 470,00 207,00 
0:00:01:88 491,00 207,00 
0:00:01:90 491,00 207,00 
0:00:01:92 513,00 207,00 
0:00:01:93 513,00 207,00 
0:00:01:95 533,00 207,00 
0:00:01:97 533,00 207,00 
0:00:01:98 553,00 205,00 
0:00:02:00 553,00 205,00 
0:00:02:02 573,00 205,00 
0:00:02:04 573,00 205,00 
0:00:02:05 593,00 205,00 
0:00:02:07 593,00 205,00 
0:00:02:09 612,00 205,00 
0:00:02:10 612,00 205,00 
0:00:02:12 632,00 205,00 
0:00:02:14 632,00 205,00 
0:00:02:15 653,00 203,00 
0:00:02:17 653,00 203,00 
0:00:02:19 673,00 203,00 
0:00:02:21 673,00 203,00 
0:00:02:22 694,00 201,00 
0:00:02:24 694,00 201,00 
0:00:02:26 715,00 201,00 
0:00:02:27 715,00 201,00 
0:00:02:29 737,00 201,00 
0:00:02:31 737,00 201,00 
0:00:02:32 760,00 199,00 
0:00:02:34 760,00 199,00 
0:00:02:36 783,00 199,00 
0:00:02:38 783,00 199,00 
0:00:02:39 807,00 197,00 
0:00:02:41 807,00 197,00 
0:00:02:43 830,00 197,00 
0:00:02:44 830,00 197,00 
0:00:02:46 849,00 199,00 
0:00:02:48 849,00 199,00 
0:00:02:49 864,00 207,00 
0:00:02:51 864,00 207,00 
0:00:02:53 866,00 221,00 
0:00:02:55 866,00 221,00 
0:00:02:56 848,00 227,00 
0:00:02:56 848,00 227,00 
0:00:02:58 817,00 229,00 
0:00:02:60 817,00 229,00 
0:00:02:61 780,00 227,00 
0:00:02:63 780,00 227,00 
0:00:02:65 737,00 227,00 
0:00:02:66 737,00 227,00 
0:00:02:68 691,00 227,00 
0:00:02:70 691,00 227,00 
0:00:02:72 639,00 225,00 
0:00:02:73 639,00 225,00 
0:00:02:75 591,00 225,00 
0:00:02:77 591,00 225,00 
0:00:02:78 543,00 225,00 
0:00:02:80 543,00 225,00 
0:00:02:82 500,00 225,00 
0:00:02:83 500,00 225,00 
0:00:02:85 468,00 225,00 
0:00:02:87 468,00 225,00 
0:00:02:89 455,00 221,00 
0:00:02:90 455,00 221,00 
0:00:02:92 460,00 212,00 
0:00:02:94 460,00 212,00 
0:00:02:95 494,00 212,00 
0:00:02:97 495,00 212,00 
0:00:02:99 527,00 212,00 
0:00:03:00 527,00 212,00 
0:00:03:02 558,00 212,00 
0:00:03:04 558,00 212,00 
0:00:03:06 586,00 212,00 
0:00:03:07 586,00 212,00 
0:00:03:09 613,00 214,00 
0:00:03:11 613,00 214,00 
0:00:03:12 638,00 214,00 
0:00:03:14 638,00 214,00 
0:00:03:16 664,00 216,00 
0:00:03:17 664,00 216,00 
0:00:03:19 689,00 218,00 
0:00:03:21 689,00 218,00 
0:00:03:23 715,00 218,00 
0:00:03:24 715,00 218,00 
0:00:03:26 739,00 218,00 
0:00:03:28 739,00 218,00 
0:00:03:29 760,00 220,00 
0:00:03:31 760,00 220,00 
0:00:03:33 782,00 220,00 
0:00:03:34 782,00 220,00 
0:00:03:36 801,00 222,00 
0:00:03:38 801,00 222,00 
0:00:03:40 821,00 222,00 
0:00:03:41 821,00 222,00 
0:00:03:41 838,00 222,00 
0:00:03:43 838,00 222,00 
0:00:03:45 857,00 222,00 
0:00:03:46 857,00 222,00 
0:00:03:48 875,00 222,00 
0:00:03:50 875,00 222,00 
0:00:03:51 894,00 222,00 
0:00:03:53 894,00 222,00 
0:00:03:55 910,00 222,00 
0:00:03:57 910,00 222,00 
0:00:03:58 928,00 222,00 
0:00:03:60 928,00 222,00 
0:00:03:62 943,00 224,00 
0:00:03:63 943,00 224,00 
0:00:03:65 953,00 232,00 
0:00:03:67 953,00 232,00 
0:00:03:68 952,00 246,00 
0:00:03:70 952,00 246,00 
0:00:03:72 952,00 246,00 
0:00:03:74 952,00 246,00 
0:00:03:75 914,00 250,00 
0:00:03:77 914,00 250,00 
0:00:03:79 859,00 251,00 
0:00:03:80 859,00 251,00 
0:00:03:82 801,00 251,00 
0:00:03:84 801,00 251,00 
0:00:03:85 737,00 251,00 
0:00:03:87 737,00 251,00 
0:00:03:89 665,00 255,00 
0:00:03:91 665,00 255,00 
0:00:03:92 593,00 255,00 
0:00:03:94 593,00 255,00 
0:00:03:96 529,00 257,00 
0:00:03:97 529,00 257,00 
0:00:03:99 473,00 257,00 
0:00:04:01 473,00 257,00 
0:00:04:02 434,00 255,00 
0:00:04:04 434,00 255,00 
0:00:04:06 412,00 251,00 
0:00:04:08 412,00 251,00 
0:00:04:09 413,00 248,00 
0:00:04:11 413,00 248,00 
0:00:04:13 436,00 248,00 
0:00:04:14 436,00 248,00 
0:00:04:16 461,00 248,00 
0:00:04:18 461,00 248,00 
0:00:04:19 486,00 248,00 
0:00:04:21 486,00 248,00 
0:00:04:23 512,00 250,00 
0:00:04:25 511,00 250,00 
0:00:04:26 536,00 250,00 
0:00:04:26 536,00 250,00 
0:00:04:28 560,00 250,00 
0:00:04:30 560,00 250,00 
0:00:04:31 583,00 250,00 
0:00:04:33 583,00 250,00 
0:00:04:35 607,00 252,00 
0:00:04:36 607,00 252,00 
0:00:04:38 630,00 254,00 
0:00:04:40 630,00 254,00 
0:00:04:42 653,00 254,00 
0:00:04:43 653,00 254,00 
0:00:04:45 675,00 254,00 
0:00:04:47 675,00 254,00 
0:00:04:48 696,00 254,00 
0:00:04:50 696,00 254,00 
0:00:04:52 718,00 256,00 
0:00:04:53 718,00 256,00 
0:00:04:55 740,00 256,00 
0:00:04:57 740,00 256,00 
0:00:04:59 761,00 256,00 
0:00:04:60 761,00 256,00 
0:00:04:62 782,00 258,00 
0:00:04:64 782,00 258,00 
0:00:04:65 802,00 258,00 
0:00:04:67 802,00 258,00 
0:00:04:69 822,00 258,00 
0:00:04:70 822,00 258,00 
0:00:04:72 842,00 258,00 
0:00:04:74 842,00 258,00 
0:00:04:76 861,00 260,00 
0:00:04:77 861,00 260,00 
0:00:04:79 878,00 266,00 
0:00:04:81 878,00 266,00 
0:00:04:82 891,00 274,00 
0:00:04:84 891,00 274,00 
0:00:04:86 891,00 286,00 
0:00:04:87 891,00 286,00 
0:00:04:89 891,00 286,00 
0:00:04:91 865,00 299,00 
0:00:04:93 826,00 307,00 
0:00:04:94 826,00 307,00 
0:00:04:96 779,00 307,00 
0:00:04:98 779,00 307,00 
0:00:04:99 727,00 307,00 
0:00:05:01 727,00 307,00 
0:00:05:03 671,00 309,00 
0:00:05:04 671,00 309,00 
0:00:05:06 624,00 311,00 
0:00:05:08 624,00 311,00 
0:00:05:10 566,00 311,00 
0:00:05:11 566,00 311,00 
0:00:05:11 509,00 313,00 
0:00:05:13 509,00 313,00 
0:00:05:15 459,00 315,00 
0:00:05:16 459,00 315,00 
0:00:05:18 427,00 315,00 
0:00:05:20 427,00 315,00 
0:00:05:21 410,00 313,00 
0:00:05:23 410,00 313,00 
0:00:05:25 412,00 308,00 
0:00:05:27 412,00 308,00 
0:00:05:28 430,00 308,00 
0:00:05:30 430,00 308,00 
0:00:05:32 450,00 308,00 
0:00:05:33 450,00 308,00 
0:00:05:35 470,00 308,00 
0:00:05:37 470,00 308,00 
0:00:05:38 490,00 308,00 
0:00:05:40 490,00 308,00 
0:00:05:42 510,00 310,00 
0:00:05:44 510,00 310,00 
0:00:05:45 530,00 310,00 
0:00:05:47 530,00 310,00 
0:00:05:49 550,00 312,00 
0:00:05:50 550,00 312,00 
0:00:05:52 570,00 312,00 
0:00:05:54 570,00 312,00 
0:00:05:55 590,00 312,00 
0:00:05:57 590,00 312,00 
0:00:05:59 611,00 312,00 
0:00:05:61 612,00 312,00 
0:00:05:62 633,00 314,00 
0:00:05:64 633,00 314,00 
0:00:05:66 654,00 314,00 
0:00:05:67 654,00 314,00 
0:00:05:69 674,00 314,00 
0:00:05:71 674,00 314,00 
0:00:05:72 694,00 314,00 
0:00:05:74 694,00 314,00 
0:00:05:76 715,00 314,00 
0:00:05:78 715,00 314,00 
0:00:05:79 735,00 316,00 
0:00:05:81 735,00 316,00 
0:00:05:83 756,00 316,00 
0:00:05:84 756,00 316,00 
0:00:05:86 775,00 316,00 
0:00:05:88 775,00 316,00 
0:00:05:89 794,00 316,00 
0:00:05:91 794,00 316,00 
0:00:05:93 812,00 316,00 
0:00:05:95 812,00 316,00 
0:00:05:96 830,00 316,00 
0:00:05:96 830,00 316,00 
0:00:05:98 847,00 318,00 
0:00:06:00 847,00 318,00 
0:00:06:01 860,00 324,00 
0:00:06:03 860,00 324,00 
0:00:06:05 865,00 332,00 
0:00:06:06 865,00 332,00 
0:00:06:08 851,00 340,00 
0:00:06:10 851,00 340,00 
0:00:06:12 827,00 346,00 
0:00:06:13 827,00 346,00 
0:00:06:15 795,00 348,00 
0:00:06:17 795,00 348,00 
0:00:06:18 759,00 348,00 
0:00:06:20 759,00 348,00 
0:00:06:22 721,00 352,00 
0:00:06:23 721,00 352,00 
0:00:06:25 676,00 353,00 
0:00:06:27 676,00 353,00 
0:00:06:29 628,00 355,00 
0:00:06:30 628,00 355,00 
0:00:06:32 580,00 359,00 
0:00:06:34 580,00 359,00 
0:00:06:35 533,00 363,00 
0:00:06:37 533,00 363,00 
0:00:06:39 495,00 365,00 
0:00:06:40 495,00 365,00 
0:00:06:42 469,00 365,00 
0:00:06:44 469,00 365,00 
0:00:06:46 461,00 361,00 
0:00:06:47 461,00 361,00 
0:00:06:49 468,00 356,00 
0:00:06:51 468,00 356,00 
0:00:06:52 492,00 348,00 
0:00:06:54 492,00 348,00 
0:00:06:56 516,00 348,00 
0:00:06:57 516,00 348,00 
0:00:06:59 538,00 346,00 
0:00:06:61 538,00 346,00 
0:00:06:63 556,00 346,00 
0:00:06:64 556,00 346,00 
0:00:06:66 575,00 346,00 
0:00:06:68 575,00 346,00 
0:00:06:69 593,00 346,00 
0:00:06:71 593,00 346,00 
0:00:06:73 612,00 344,00 
0:00:06:74 612,00 344,00 
0:00:06:76 629,00 344,00 
0:00:06:78 629,00 344,00 
0:00:06:80 647,00 344,00 
0:00:06:81 647,00 344,00 
0:00:06:81 664,00 344,00 
0:00:06:83 664,00 344,00 
0:00:06:85 681,00 344,00 
0:00:06:86 681,00 344,00 
0:00:06:88 699,00 344,00 
0:00:06:90 699,00 344,00 
0:00:06:91 716,00 344,00 
0:00:06:93 716,00 344,00 
0:00:06:95 732,00 344,00 
0:00:06:97 732,00 344,00 
0:00:06:98 748,00 342,00 
0:00:07:00 748,00 342,00 
0:00:07:02 761,00 342,00 
0:00:07:03 761,00 342,00 
0:00:07:05 775,00 342,00 
0:00:07:07 775,00 342,00 
0:00:07:08 788,00 340,00 
0:00:07:10 788,00 340,00 
0:00:07:12 802,00 340,00 
0:00:07:14 802,00 340,00 
0:00:07:15 815,00 338,00 
0:00:07:17 815,00 338,00 
0:00:07:19 827,00 338,00 
0:00:07:20 827,00 338,00 
0:00:07:22 839,00 336,00 
0:00:07:24 839,00 336,00 
0:00:07:25 839,00 336,00 
0:00:07:27 844,00 339,00 
0:00:07:29 844,00 339,00 
0:00:07:31 844,00 339,00 
0:00:07:32 820,00 348,00 
0:00:07:34 820,00 348,00 
0:00:07:36 774,00 348,00 
0:00:07:37 774,00 348,00 
0:00:07:39 774,00 348,00 
0:00:07:41 703,00 352,00 
0:00:07:42 655,00 352,00 
0:00:07:44 655,00 352,00 
0:00:07:46 604,00 359,00 
0:00:07:48 604,00 359,00 
0:00:07:49 557,00 366,00 
0:00:07:51 557,00 366,00 
0:00:07:53 504,00 368,00 
0:00:07:54 504,00 368,00 
0:00:07:56 456,00 368,00 
0:00:07:58 456,00 368,00 
0:00:07:59 419,00 366,00 
0:00:07:61 404,00 361,00 
0:00:07:63 378,00 355,00 
0:00:07:65 378,00 355,00 
0:00:07:66 372,00 354,00 
0:00:07:66 350,00 346,00 
0:00:07:68 354,00 343,00 
0:00:07:70 354,00 343,00 
0:00:07:71 370,00 339,00 
0:00:07:73 370,00 339,00 
0:00:07:75 389,00 337,00 
0:00:07:76 389,00 337,00 
0:00:07:78 407,00 333,00 
0:00:07:80 407,00 333,00 
0:00:07:82 425,00 331,00 
0:00:07:83 425,00 331,00 
0:00:07:85 443,00 327,00 
0:00:07:87 443,00 327,00 
0:00:07:88 461,00 325,00 
0:00:07:90 461,00 325,00 
0:00:07:92 479,00 325,00 
0:00:07:93 479,00 325,00 
0:00:07:95 497,00 321,00 
0:00:07:97 497,00 321,00 
0:00:07:99 515,00 319,00 
0:00:08:00 515,00 319,00 
0:00:08:02 535,00 317,00 
0:00:08:04 535,00 317,00 
0:00:08:05 554,00 315,00 
0:00:08:07 554,00 315,00 
0:00:08:09 574,00 313,00 
0:00:08:10 574,00 313,00 
0:00:08:12 594,00 311,00 
0:00:08:14 594,00 311,00 
0:00:08:16 616,00 307,00 
0:00:08:17 616,00 307,00 
0:00:08:19 638,00 305,00 
0:00:08:21 638,00 305,00 
0:00:08:22 659,00 303,00 
0:00:08:24 659,00 303,00 
0:00:08:26 681,00 301,00 
0:00:08:27 682,00 299,00 
0:00:08:29 703,00 297,00 
0:00:08:31 703,00 297,00 
0:00:08:33 724,00 295,00 
0:00:08:34 724,00 295,00 
0:00:08:36 744,00 295,00 
0:00:08:38 744,00 295,00 
0:00:08:39 761,00 301,00 
0:00:08:41 761,00 301,00 
0:00:08:43 764,00 302,00 
0:00:08:44 764,00 302,00 
0:00:08:46 764,00 302,00 
0:00:08:48 764,00 302,00 
0:00:08:50 734,00 310,00 
0:00:08:51 734,00 310,00 
0:00:08:51 702,00 310,00 
0:00:08:53 702,00 310,00 
0:00:08:55 662,00 312,00 
0:00:08:56 662,00 312,00 
0:00:08:58 607,00 328,00 
0:00:08:60 607,00 328,00 
0:00:08:61 570,00 334,00 
0:00:08:63 570,00 334,00 
0:00:08:65 536,00 340,00 
0:00:08:67 536,00 340,00 
0:00:08:68 496,00 346,00 
0:00:08:70 496,00 346,00 
0:00:08:72 468,00 350,00 
0:00:08:73 468,00 350,00 
0:00:08:75 443,00 350,00 
0:00:08:77 410,00 348,00 
0:00:08:78 393,00 348,00 
0:00:08:80 393,00 348,00 
0:00:08:82 391,00 343,00 
0:00:08:84 391,00 343,00 
0:00:08:85 398,00 329,00 
0:00:08:87 398,00 329,00 
0:00:08:89 416,00 313,00 
0:00:08:90 416,00 313,00 
0:00:08:92 436,00 309,00 
0:00:08:94 436,00 309,00 
0:00:08:95 455,00 307,00 
0:00:08:97 455,00 307,00 
0:00:08:99 472,00 305,00 
0:00:09:01 472,00 305,00 
0:00:09:02 492,00 301,00 
0:00:09:04 492,00 301,00 
0:00:09:06 511,00 299,00 
0:00:09:07 511,00 299,00 
0:00:09:09 530,00 295,00 
0:00:09:11 530,00 295,00 
0:00:09:12 549,00 293,00 
0:00:09:14 549,00 293,00 
0:00:09:16 569,00 289,00 
0:00:09:18 569,00 289,00 
0:00:09:19 589,00 287,00 
0:00:09:21 589,00 287,00 
0:00:09:23 610,00 285,00 
0:00:09:24 610,00 285,00 
0:00:09:26 630,00 283,00 
0:00:09:28 630,00 283,00 
0:00:09:29 651,00 281,00 
0:00:09:31 651,00 281,00 
0:00:09:33 671,00 279,00 
0:00:09:35 671,00 279,00 
0:00:09:36 691,00 275,00 
0:00:09:36 691,00 275,00 
0:00:09:38 711,00 273,00 
0:00:09:40 711,00 273,00 
0:00:09:41 730,00 271,00 
0:00:09:43 730,00 271,00 
0:00:09:45 749,00 269,00 
0:00:09:46 749,00 269,00 
0:00:09:48 768,00 269,00 
0:00:09:50 768,00 269,00 
0:00:09:52 784,00 275,00 
0:00:09:53 784,00 275,00 
0:00:09:55 796,00 290,00 
0:00:09:57 796,00 290,00 
0:00:09:58 779,00 294,00 
0:00:09:60 779,00 294,00 
0:00:09:62 752,00 298,00 
0:00:09:63 752,00 298,00 
0:00:09:65 721,00 302,00 
0:00:09:67 721,00 302,00 
0:00:09:69 686,00 304,00 
0:00:09:70 686,00 304,00 
0:00:09:72 615,00 325,00 
0:00:09:74 615,00 325,00 
0:00:09:75 572,00 329,00 
0:00:09:77 572,00 329,00 
0:00:09:79 528,00 333,00 
0:00:09:80 528,00 333,00 
0:00:09:82 486,00 337,00 
0:00:09:84 486,00 337,00 
0:00:09:86 451,00 339,00 
0:00:09:87 451,00 339,00 
0:00:09:89 426,00 337,00 
0:00:09:91 426,00 337,00 
0:00:09:92 416,00 329,00 
0:00:09:94 416,00 329,00 
0:00:09:96 419,00 322,00 
0:00:09:97 419,00 322,00 
0:00:09:99 443,00 308,00 
0:00:10:01 443,00 308,00 
0:00:10:03 462,00 306,00 
0:00:10:04 462,00 306,00 
0:00:10:06 480,00 304,00 
0:00:10:08 480,00 304,00 
0:00:10:09 496,00 304,00 
0:00:10:11 496,00 304,00 
0:00:10:13 512,00 302,00 
0:00:10:14 512,00 302,00 
0:00:10:16 528,00 302,00 
0:00:10:18 528,00 302,00 
0:00:10:20 542,00 302,00 
0:00:10:21 542,00 302,00 
0:00:10:21 556,00 300,00 
0:00:10:23 556,00 300,00 
0:00:10:25 571,00 300,00 
0:00:10:26 571,00 300,00 
0:00:10:28 586,00 300,00 
0:00:10:30 586,00 300,00 
0:00:10:31 600,00 298,00 
0:00:10:33 600,00 298,00 
0:00:10:35 615,00 298,00 
0:00:10:37 615,00 298,00 
0:00:10:38 629,00 296,00 
0:00:10:40 629,00 296,00 
0:00:10:42 643,00 296,00 
0:00:10:43 643,00 296,00 
0:00:10:45 657,00 294,00 
0:00:10:47 657,00 294,00 
0:00:10:48 671,00 294,00 
0:00:10:50 671,00 294,00 
0:00:10:52 684,00 292,00 
0:00:10:54 684,00 292,00 
0:00:10:55 696,00 292,00 
0:00:10:57 696,00 292,00 
0:00:10:59 708,00 292,00 
0:00:10:60 708,00 292,00 
0:00:10:62 718,00 292,00 
0:00:10:64 718,00 292,00 
0:00:10:65 726,00 294,00 
0:00:10:67 726,00 294,00 
0:00:10:69 730,00 300,00 
0:00:10:71 730,00 300,00 
0:00:10:72 730,00 300,00 
0:00:10:74 722,00 315,00 
0:00:10:76 691,00 321,00 
0:00:10:77 691,00 321,00 
0:00:10:79 653,00 329,00 
0:00:10:81 653,00 329,00 
0:00:10:82 616,00 333,00 
0:00:10:84 616,00 333,00 
0:00:10:86 578,00 335,00 
0:00:10:88 578,00 335,00 
0:00:10:89 518,00 347,00 
0:00:10:91 518,00 347,00 
0:00:10:93 468,00 354,00 
0:00:10:94 468,00 354,00 
0:00:10:96 420,00 362,00 
0:00:10:98 420,00 362,00 
0:00:10:99 376,00 366,00 
0:00:11:01 376,00 366,00 
0:00:11:03 337,00 370,00 
0:00:11:05 337,00 370,00 
0:00:11:06 307,00 372,00 
0:00:11:06 307,00 372,00 
0:00:11:08 290,00 368,00 
0:00:11:10 290,00 368,00 
0:00:11:11 287,00 363,00 
0:00:11:13 287,00 363,00 
0:00:11:15 297,00 357,00 
0:00:11:16 297,00 357,00 
0:00:11:18 311,00 355,00 
0:00:11:20 311,00 355,00 
0:00:11:22 326,00 355,00 
0:00:11:23 326,00 355,00 
0:00:11:25 342,00 355,00 
0:00:11:27 342,00 355,00 
0:00:11:28 357,00 355,00 
0:00:11:30 357,00 355,00 
0:00:11:32 372,00 355,00 
0:00:11:33 372,00 355,00 
0:00:11:35 386,00 355,00 
0:00:11:37 386,00 355,00 
0:00:11:39 400,00 355,00 
0:00:11:40 400,00 355,00 
0:00:11:42 414,00 355,00 
0:00:11:44 414,00 355,00 
0:00:11:45 429,00 353,00 
0:00:11:47 428,00 353,00 
0:00:11:49 443,00 353,00 
0:00:11:50 443,00 353,00 
0:00:11:52 457,00 353,00 
0:00:11:54 457,00 353,00 
0:00:11:56 471,00 353,00 
0:00:11:57 471,00 353,00 
0:00:11:59 485,00 353,00 
0:00:11:61 485,00 353,00 
0:00:11:62 499,00 353,00 
0:00:11:64 499,00 353,00 
0:00:11:66 512,00 353,00 
0:00:11:67 512,00 353,00 
0:00:11:69 525,00 353,00 
0:00:11:70 525,00 353,00 


