#Kinovea Trajectory data export
#T X Y
0:00:00:00 1431,00 775,00 
0:00:00:03 1425,00 776,00 
0:00:00:06 1419,00 776,00 
0:00:00:10 1408,00 782,00 
0:00:00:13 1405,00 778,00 
0:00:00:16 1401,00 776,00 
0:00:00:20 1399,00 773,00 
0:00:00:23 1398,00 768,00 
0:00:00:26 1397,00 763,00 
0:00:00:30 1400,00 752,00 
0:00:00:33 1397,00 749,00 
0:00:00:36 1396,00 744,00 
0:00:00:40 1384,00 752,00 
0:00:00:43 1376,00 758,00 
0:00:00:46 1371,00 760,00 
0:00:00:50 1368,00 768,00 
0:00:00:53 1365,00 776,00 
0:00:00:56 1365,00 782,00 
0:00:00:60 1365,00 784,00 
0:00:00:63 1357,00 792,00 
0:00:00:66 1394,00 768,00 
0:00:00:70 1389,00 770,00 
0:00:00:73 1337,00 795,00 
0:00:00:76 1333,00 792,00 
0:00:00:80 1332,00 787,00 
0:00:00:83 1328,00 784,00 
0:00:00:86 1323,00 784,00 
0:00:00:90 1318,00 784,00 
0:00:00:93 1322,00 776,00 
0:00:00:96 1315,00 775,00 
0:00:01:00 1304,00 780,00 
0:00:01:03 1301,00 784,00 
0:00:01:06 1301,00 788,00 
0:00:01:10 1334,00 770,00 
0:00:01:13 1335,00 776,00 
0:00:01:16 1321,00 793,00 
0:00:01:20 1309,00 809,00 
0:00:01:23 1308,00 816,00 
0:00:01:26 1309,00 820,00 
0:00:01:30 1308,00 824,00 
0:00:01:33 1301,00 831,00 
0:00:01:36 1305,00 829,00 
0:00:01:40 1309,00 826,00 
0:00:01:43 1313,00 824,00 
0:00:01:46 1317,00 822,00 
0:00:01:50 1317,00 822,00 
0:00:01:53 1322,00 816,00 
0:00:01:56 1329,00 810,00 
0:00:01:60 1332,00 808,00 
0:00:01:63 1333,00 808,00 
0:00:01:66 1337,00 806,00 
0:00:01:70 1341,00 806,00 
0:00:01:73 1346,00 808,00 
0:00:01:76 1349,00 812,00 
0:00:01:80 1365,00 808,00 
0:00:01:83 1359,00 824,00 
0:00:01:86 1368,00 827,00 
0:00:01:90 1356,00 841,00 
0:00:01:93 1400,00 820,00 
0:00:01:96 1405,00 822,00 
0:00:02:00 1415,00 820,00 
0:00:02:03 1421,00 818,00 
0:00:02:06 1394,00 847,00 
0:00:02:10 1401,00 844,00 
0:00:02:13 1407,00 841,00 
0:00:02:16 1413,00 839,00 
0:00:02:20 1408,00 849,00 
0:00:02:23 1412,00 849,00 
0:00:02:26 1415,00 848,00 
0:00:02:30 1418,00 846,00 
0:00:02:33 1422,00 847,00 
0:00:02:36 1427,00 851,00 
0:00:02:40 1433,00 857,00 
0:00:02:43 1444,00 850,00 
0:00:02:46 1449,00 856,00 
0:00:02:50 1452,00 861,00 
0:00:02:53 1455,00 865,00 
0:00:02:56 1456,00 868,00 
0:00:02:60 1454,00 873,00 
0:00:02:63 1452,00 876,00 
0:00:02:66 1448,00 878,00 
0:00:02:70 1445,00 877,00 
0:00:02:73 1441,00 876,00 
0:00:02:76 1433,00 872,00 
0:00:02:80 1423,00 869,00 
0:00:02:83 1412,00 866,00 
0:00:02:87 1399,00 864,00 
0:00:02:90 1388,00 860,00 
0:00:02:93 1376,00 858,00 
0:00:02:97 1364,00 854,00 
0:00:03:00 1353,00 852,00 
0:00:03:03 1341,00 852,00 
0:00:03:07 1330,00 853,00 
0:00:03:10 1320,00 858,00 
0:00:03:13 1311,00 864,00 
0:00:03:17 1307,00 871,00 
0:00:03:20 1299,00 875,00 
0:00:03:23 1290,00 876,00 
0:00:03:27 1282,00 873,00 
0:00:03:30 1275,00 866,00 
0:00:03:33 1270,00 853,00 
0:00:03:37 1266,00 836,00 
0:00:03:40 1262,00 819,00 
0:00:03:43 1258,00 801,00 
0:00:03:47 1254,00 786,00 
0:00:03:50 1250,00 773,00 
0:00:03:53 1241,00 771,00 
0:00:03:57 1233,00 769,00 
0:00:03:60 1234,00 753,00 
0:00:03:63 1224,00 752,00 
0:00:03:67 1223,00 752,00 
0:00:03:70 1224,00 752,00 
0:00:03:73 1227,00 752,00 
0:00:03:77 1229,00 754,00 
0:00:03:80 1231,00 754,00 
0:00:03:83 1233,00 754,00 
0:00:03:87 1234,00 754,00 
0:00:03:90 1235,00 753,00 
0:00:03:93 1236,00 752,00 
0:00:03:97 1239,00 747,00 
0:00:04:00 1242,00 742,00 
0:00:04:03 1245,00 738,00 
0:00:04:07 1246,00 736,00 
0:00:04:10 1247,00 731,00 
0:00:04:13 1247,00 726,00 
0:00:04:17 1246,00 722,00 
0:00:04:20 1246,00 719,00 
0:00:04:23 1244,00 716,00 
0:00:04:27 1243,00 716,00 
0:00:04:30 1239,00 718,00 
0:00:04:33 1235,00 720,00 
0:00:04:37 1231,00 726,00 
0:00:04:40 1228,00 734,00 
0:00:04:43 1223,00 740,00 
0:00:04:47 1216,00 748,00 
0:00:04:50 1208,00 752,00 
0:00:04:53 1201,00 752,00 
0:00:04:57 1196,00 750,00 
0:00:04:60 1194,00 745,00 
0:00:04:63 1193,00 741,00 
0:00:04:67 1189,00 737,00 
0:00:04:70 1184,00 734,00 
0:00:04:73 1177,00 732,00 
0:00:04:77 1168,00 729,00 
0:00:04:80 1158,00 726,00 
0:00:04:83 1148,00 726,00 
0:00:04:87 1142,00 730,00 
0:00:04:90 1136,00 729,00 
0:00:04:93 1132,00 734,00 
0:00:04:97 1128,00 740,00 
0:00:05:00 1122,00 745,00 
0:00:05:03 1117,00 749,00 
0:00:05:07 1111,00 752,00 
0:00:05:10 1103,00 755,00 
0:00:05:13 1095,00 757,00 
0:00:05:17 1087,00 756,00 
0:00:05:20 1080,00 753,00 
0:00:05:23 1075,00 751,00 
0:00:05:27 1071,00 746,00 
0:00:05:30 1066,00 744,00 
0:00:05:33 1062,00 740,00 
0:00:05:37 1057,00 736,00 
0:00:05:40 1054,00 732,00 
0:00:05:43 1051,00 731,00 
0:00:05:47 1048,00 730,00 
0:00:05:50 1045,00 731,00 
0:00:05:53 1040,00 732,00 
0:00:05:57 1035,00 734,00 
0:00:05:60 1031,00 740,00 
0:00:05:63 1027,00 745,00 
0:00:05:67 1024,00 752,00 
0:00:05:70 1019,00 756,00 


