#Kinovea Trajectory data export
#T X Y
0:00:00:00 1413,00 624,00 
0:00:00:03 1410,00 624,00 
0:00:00:06 1400,00 628,00 
0:00:00:10 1395,00 627,00 
0:00:00:13 1393,00 624,00 
0:00:00:16 1392,00 621,00 
0:00:00:20 1389,00 624,00 
0:00:00:23 1386,00 624,00 
0:00:00:26 1381,00 628,00 
0:00:00:30 1381,00 624,00 
0:00:00:33 1391,00 617,00 
0:00:00:36 1391,00 617,00 
0:00:00:40 1391,00 610,00 
0:00:00:43 1391,00 609,00 
0:00:00:46 1383,00 617,00 
0:00:00:50 1391,00 609,00 
0:00:00:53 1384,00 617,00 
0:00:00:56 1367,00 647,00 
0:00:00:60 1357,00 657,00 
0:00:00:63 1365,00 644,00 
0:00:00:66 1350,00 648,00 
0:00:00:70 1307,00 695,00 
0:00:00:73 1293,00 699,00 
0:00:00:76 1287,00 702,00 
0:00:00:80 1279,00 702,00 
0:00:00:83 1263,00 708,00 
0:00:00:86 1256,00 706,00 
0:00:00:90 1267,00 700,00 
0:00:00:93 1262,00 698,00 
0:00:00:96 1257,00 695,00 
0:00:01:00 1251,00 700,00 
0:00:01:03 1256,00 712,00 
0:00:01:06 1263,00 715,00 
0:00:01:10 1267,00 707,00 
0:00:01:13 1273,00 710,00 
0:00:01:16 1277,00 717,00 
0:00:01:20 1281,00 722,00 
0:00:01:23 1285,00 725,00 
0:00:01:26 1288,00 727,00 
0:00:01:30 1289,00 729,00 
0:00:01:33 1289,00 728,00 
0:00:01:36 1301,00 730,00 
0:00:01:40 1309,00 719,00 
0:00:01:43 1314,00 719,00 
0:00:01:46 1314,00 719,00 
0:00:01:50 1320,00 719,00 
0:00:01:53 1331,00 719,00 
0:00:01:56 1330,00 724,00 
0:00:01:60 1335,00 721,00 
0:00:01:63 1340,00 719,00 
0:00:01:66 1346,00 718,00 
0:00:01:70 1352,00 714,00 
0:00:01:73 1353,00 721,00 
0:00:01:76 1357,00 725,00 
0:00:01:80 1361,00 733,00 
0:00:01:83 1357,00 748,00 
0:00:01:86 1357,00 757,00 
0:00:01:90 1363,00 765,00 
0:00:01:93 1353,00 772,00 
0:00:01:96 1346,00 772,00 
0:00:02:00 1342,00 776,00 
0:00:02:03 1342,00 776,00 
0:00:02:06 1345,00 776,00 
0:00:02:10 1354,00 782,00 
0:00:02:13 1360,00 782,00 
0:00:02:16 1364,00 782,00 
0:00:02:20 1370,00 779,00 
0:00:02:23 1373,00 779,00 
0:00:02:26 1374,00 777,00 
0:00:02:30 1374,00 775,00 
0:00:02:33 1388,00 771,00 
0:00:02:36 1388,00 763,00 
0:00:02:40 1420,00 747,00 
0:00:02:43 1424,00 758,00 
0:00:02:46 1427,00 766,00 
0:00:02:50 1427,00 775,00 
0:00:02:53 1436,00 783,00 
0:00:02:56 1443,00 790,00 
0:00:02:60 1443,00 792,00 
0:00:02:63 1443,00 789,00 
0:00:02:66 1440,00 780,00 
0:00:02:70 1448,00 792,00 
0:00:02:73 1442,00 790,00 
0:00:02:76 1433,00 787,00 
0:00:02:80 1424,00 784,00 
0:00:02:83 1413,00 781,00 
0:00:02:87 1400,00 779,00 
0:00:02:90 1388,00 775,00 
0:00:02:93 1377,00 772,00 
0:00:02:97 1366,00 770,00 
0:00:03:00 1358,00 770,00 
0:00:03:03 1347,00 771,00 
0:00:03:07 1345,00 766,00 
0:00:03:10 1343,00 767,00 
0:00:03:13 1323,00 784,00 
0:00:03:17 1315,00 791,00 
0:00:03:20 1301,00 799,00 
0:00:03:23 1285,00 804,00 
0:00:03:27 1271,00 804,00 
0:00:03:30 1255,00 802,00 
0:00:03:33 1239,00 796,00 
0:00:03:37 1231,00 788,00 
0:00:03:40 1231,00 776,00 
0:00:03:43 1207,00 772,00 
0:00:03:47 1199,00 760,00 
0:00:03:50 1198,00 740,00 
0:00:03:53 1195,00 724,00 
0:00:03:57 1195,00 690,00 
0:00:03:60 1187,00 679,00 
0:00:03:63 1181,00 671,00 
0:00:03:67 1181,00 658,00 
0:00:03:70 1197,00 644,00 
0:00:03:73 1206,00 644,00 
0:00:03:77 1206,00 644,00 
0:00:03:80 1211,00 644,00 
0:00:03:83 1220,00 646,00 
0:00:03:87 1224,00 648,00 
0:00:03:90 1224,00 646,00 
0:00:03:93 1232,00 649,00 
0:00:03:97 1232,00 644,00 
0:00:04:00 1243,00 646,00 
0:00:04:03 1244,00 642,00 
0:00:04:07 1246,00 638,00 
0:00:04:10 1247,00 635,00 
0:00:04:13 1246,00 630,00 
0:00:04:17 1246,00 626,00 
0:00:04:20 1246,00 623,00 
0:00:04:23 1246,00 622,00 
0:00:04:27 1246,00 623,00 
0:00:04:30 1245,00 625,00 
0:00:04:33 1243,00 628,00 
0:00:04:37 1243,00 635,00 
0:00:04:40 1243,00 643,00 
0:00:04:43 1231,00 647,00 
0:00:04:47 1222,00 653,00 
0:00:04:50 1210,00 657,00 
0:00:04:53 1195,00 664,00 
0:00:04:57 1181,00 671,00 
0:00:04:60 1173,00 675,00 
0:00:04:63 1165,00 678,00 
0:00:04:67 1133,00 693,00 
0:00:04:70 1137,00 676,00 
0:00:04:73 1128,00 673,00 
0:00:04:77 1129,00 665,00 
0:00:04:80 1120,00 657,00 
0:00:04:83 1113,00 662,00 
0:00:04:87 1106,00 665,00 
0:00:04:90 1103,00 663,00 
0:00:04:93 1107,00 653,00 
0:00:04:97 1107,00 655,00 
0:00:05:00 1104,00 661,00 
0:00:05:03 1102,00 669,00 
0:00:05:07 1099,00 676,00 
0:00:05:10 1093,00 680,00 
0:00:05:13 1086,00 679,00 
0:00:05:17 1079,00 671,00 
0:00:05:20 1072,00 655,00 
0:00:05:23 1068,00 642,00 
0:00:05:27 1064,00 639,00 
0:00:05:30 1056,00 639,00 
0:00:05:33 1056,00 634,00 
0:00:05:37 1059,00 629,00 
0:00:05:40 1057,00 627,00 
0:00:05:43 1055,00 626,00 
0:00:05:47 1053,00 627,00 
0:00:05:50 1051,00 629,00 
0:00:05:53 1051,00 629,00 
0:00:05:57 1059,00 622,00 
0:00:05:60 1051,00 627,00 
0:00:05:63 1043,00 642,00 
0:00:05:67 1035,00 645,00 
0:00:05:70 1043,00 597,00 


