#Kinovea Trajectory data export
#T X Y
0:00:00:00 1144,00 453,00 
0:00:00:01 1144,00 453,00 
0:00:00:01 1111,00 443,00 
0:00:00:03 1108,00 444,00 
0:00:00:05 1080,00 429,00 
0:00:00:06 1080,00 434,00 
0:00:00:08 1054,00 426,00 
0:00:00:10 1054,00 426,00 
0:00:00:11 1034,00 420,00 
0:00:00:13 1034,00 420,00 
0:00:00:15 1026,00 412,00 
0:00:00:17 1026,00 412,00 
0:00:00:18 1031,00 407,00 
0:00:00:20 1031,00 407,00 
0:00:00:22 1042,00 405,00 
0:00:00:23 1042,00 405,00 
0:00:00:25 1050,00 405,00 
0:00:00:27 1050,00 405,00 
0:00:00:28 1060,00 405,00 
0:00:00:30 1060,00 405,00 
0:00:00:32 1070,00 407,00 
0:00:00:34 1070,00 407,00 
0:00:00:35 1078,00 411,00 
0:00:00:37 1078,00 411,00 
0:00:00:39 1086,00 413,00 
0:00:00:40 1086,00 413,00 
0:00:00:42 1095,00 417,00 
0:00:00:44 1095,00 417,00 
0:00:00:45 1103,00 421,00 
0:00:00:47 1103,00 421,00 
0:00:00:49 1110,00 423,00 
0:00:00:51 1110,00 423,00 
0:00:00:52 1117,00 425,00 
0:00:00:54 1117,00 425,00 
0:00:00:56 1125,00 425,00 
0:00:00:57 1125,00 425,00 
0:00:00:59 1133,00 425,00 
0:00:00:61 1133,00 425,00 
0:00:00:62 1142,00 425,00 
0:00:00:64 1142,00 425,00 
0:00:00:66 1151,00 425,00 
0:00:00:68 1151,00 425,00 
0:00:00:69 1160,00 423,00 
0:00:00:71 1160,00 423,00 
0:00:00:73 1166,00 423,00 
0:00:00:74 1166,00 423,00 
0:00:00:76 1171,00 421,00 
0:00:00:78 1171,00 421,00 
0:00:00:79 1176,00 419,00 
0:00:00:81 1176,00 419,00 
0:00:00:83 1181,00 419,00 
0:00:00:85 1181,00 419,00 
0:00:00:86 1186,00 421,00 
0:00:00:86 1186,00 421,00 
0:00:00:88 1190,00 425,00 
0:00:00:90 1190,00 425,00 
0:00:00:91 1194,00 431,00 
0:00:00:93 1194,00 431,00 
0:00:00:95 1196,00 441,00 
0:00:00:96 1196,00 441,00 
0:00:00:98 1193,00 446,00 
0:00:01:00 1193,00 446,00 
0:00:01:02 1184,00 448,00 
0:00:01:03 1184,00 448,00 
0:00:01:05 1171,00 448,00 
0:00:01:07 1171,00 448,00 
0:00:01:08 1156,00 452,00 
0:00:01:10 1156,00 452,00 
0:00:01:12 1139,00 456,00 
0:00:01:13 1139,00 456,00 
0:00:01:15 1120,00 456,00 
0:00:01:17 1120,00 456,00 
0:00:01:19 1098,00 454,00 
0:00:01:20 1098,00 454,00 
0:00:01:22 1075,00 446,00 
0:00:01:24 1075,00 446,00 
0:00:01:25 1044,00 435,00 
0:00:01:27 1044,00 435,00 
0:00:01:29 1015,00 427,00 
0:00:01:30 1015,00 427,00 
0:00:01:32 988,00 417,00 
0:00:01:34 988,00 417,00 
0:00:01:36 965,00 409,00 
0:00:01:37 965,00 409,00 
0:00:01:39 950,00 403,00 
0:00:01:41 950,00 403,00 
0:00:01:42 950,00 398,00 
0:00:01:44 950,00 398,00 
0:00:01:46 963,00 388,00 
0:00:01:47 963,00 388,00 
0:00:01:49 990,00 382,00 
0:00:01:51 990,00 382,00 
0:00:01:53 1009,00 382,00 
0:00:01:54 1009,00 382,00 
0:00:01:56 1032,00 382,00 
0:00:01:58 1032,00 382,00 
0:00:01:59 1050,00 386,00 
0:00:01:61 1050,00 386,00 
0:00:01:63 1065,00 390,00 
0:00:01:64 1065,00 390,00 
0:00:01:66 1078,00 394,00 
0:00:01:68 1078,00 394,00 
0:00:01:70 1090,00 400,00 
0:00:01:71 1090,00 400,00 
0:00:01:71 1103,00 404,00 
0:00:01:73 1103,00 404,00 
0:00:01:75 1116,00 408,00 
0:00:01:76 1116,00 408,00 
0:00:01:78 1128,00 412,00 
0:00:01:80 1128,00 412,00 
0:00:01:81 1141,00 412,00 
0:00:01:83 1141,00 412,00 
0:00:01:85 1154,00 414,00 
0:00:01:87 1154,00 414,00 
0:00:01:88 1167,00 414,00 
0:00:01:90 1167,00 414,00 
0:00:01:92 1180,00 412,00 
0:00:01:93 1180,00 412,00 
0:00:01:95 1191,00 412,00 
0:00:01:97 1191,00 412,00 
0:00:01:98 1201,00 410,00 
0:00:02:00 1201,00 410,00 
0:00:02:02 1210,00 410,00 
0:00:02:04 1210,00 410,00 
0:00:02:05 1219,00 408,00 
0:00:02:07 1219,00 408,00 
0:00:02:09 1228,00 410,00 
0:00:02:10 1228,00 410,00 
0:00:02:12 1236,00 412,00 
0:00:02:14 1236,00 412,00 
0:00:02:15 1243,00 416,00 
0:00:02:17 1243,00 416,00 
0:00:02:19 1249,00 422,00 
0:00:02:21 1249,00 422,00 
0:00:02:22 1254,00 432,00 
0:00:02:24 1254,00 432,00 
0:00:02:26 1251,00 440,00 
0:00:02:27 1251,00 440,00 
0:00:02:29 1241,00 443,00 
0:00:02:31 1241,00 443,00 
0:00:02:32 1226,00 443,00 
0:00:02:34 1226,00 443,00 
0:00:02:36 1208,00 447,00 
0:00:02:38 1208,00 447,00 
0:00:02:39 1189,00 449,00 
0:00:02:41 1189,00 449,00 
0:00:02:43 1167,00 449,00 
0:00:02:44 1167,00 449,00 
0:00:02:46 1144,00 443,00 
0:00:02:48 1144,00 443,00 
0:00:02:49 1118,00 433,00 
0:00:02:51 1118,00 433,00 
0:00:02:53 1088,00 419,00 
0:00:02:55 1088,00 419,00 
0:00:02:56 1059,00 409,00 
0:00:02:56 1059,00 409,00 
0:00:02:58 1035,00 401,00 
0:00:02:60 1035,00 401,00 
0:00:02:61 1019,00 393,00 
0:00:02:63 1019,00 393,00 
0:00:02:65 1020,00 386,00 
0:00:02:66 1020,00 386,00 
0:00:02:68 1036,00 378,00 
0:00:02:70 1036,00 378,00 
0:00:02:72 1067,00 372,00 
0:00:02:73 1067,00 372,00 
0:00:02:75 1094,00 370,00 
0:00:02:77 1094,00 370,00 
0:00:02:78 1124,00 372,00 
0:00:02:80 1124,00 372,00 
0:00:02:82 1151,00 374,00 
0:00:02:83 1151,00 374,00 
0:00:02:85 1176,00 380,00 
0:00:02:87 1176,00 380,00 
0:00:02:89 1199,00 384,00 
0:00:02:90 1199,00 384,00 
0:00:02:92 1222,00 390,00 
0:00:02:94 1222,00 390,00 
0:00:02:95 1242,00 394,00 
0:00:02:97 1242,00 394,00 
0:00:02:99 1260,00 398,00 
0:00:03:00 1260,00 398,00 
0:00:03:02 1277,00 402,00 
0:00:03:04 1277,00 402,00 
0:00:03:06 1291,00 404,00 
0:00:03:07 1291,00 404,00 
0:00:03:09 1306,00 404,00 
0:00:03:11 1306,00 404,00 
0:00:03:12 1320,00 404,00 
0:00:03:14 1320,00 404,00 
0:00:03:16 1334,00 404,00 
0:00:03:17 1334,00 404,00 
0:00:03:19 1346,00 404,00 
0:00:03:21 1346,00 404,00 
0:00:03:23 1356,00 404,00 
0:00:03:24 1356,00 404,00 
0:00:03:26 1366,00 402,00 
0:00:03:28 1366,00 402,00 
0:00:03:29 1373,00 402,00 
0:00:03:31 1373,00 402,00 
0:00:03:33 1379,00 404,00 
0:00:03:34 1379,00 404,00 
0:00:03:36 1382,00 408,00 
0:00:03:38 1382,00 408,00 
0:00:03:40 1385,00 412,00 
0:00:03:41 1385,00 412,00 
0:00:03:41 1388,00 420,00 
0:00:03:43 1388,00 420,00 
0:00:03:45 1383,00 433,00 
0:00:03:46 1383,00 433,00 
0:00:03:48 1369,00 439,00 
0:00:03:50 1369,00 439,00 
0:00:03:51 1349,00 443,00 
0:00:03:53 1349,00 443,00 
0:00:03:55 1326,00 449,00 
0:00:03:57 1326,00 449,00 
0:00:03:58 1300,00 455,00 
0:00:03:60 1300,00 455,00 
0:00:03:62 1271,00 457,00 
0:00:03:63 1271,00 457,00 
0:00:03:65 1240,00 453,00 
0:00:03:67 1240,00 453,00 
0:00:03:68 1206,00 443,00 
0:00:03:70 1206,00 443,00 
0:00:03:72 1169,00 433,00 
0:00:03:74 1169,00 433,00 
0:00:03:75 1132,00 423,00 
0:00:03:77 1132,00 423,00 
0:00:03:79 1100,00 415,00 
0:00:03:80 1100,00 415,00 
0:00:03:82 1081,00 409,00 
0:00:03:84 1081,00 409,00 
0:00:03:85 1082,00 402,00 
0:00:03:87 1082,00 402,00 
0:00:03:89 1103,00 400,00 
0:00:03:91 1103,00 400,00 
0:00:03:92 1120,00 400,00 
0:00:03:94 1120,00 400,00 
0:00:03:96 1138,00 400,00 
0:00:03:97 1138,00 400,00 
0:00:03:99 1154,00 404,00 
0:00:04:01 1154,00 404,00 
0:00:04:02 1169,00 408,00 
0:00:04:04 1169,00 408,00 
0:00:04:06 1185,00 412,00 
0:00:04:08 1185,00 412,00 
0:00:04:09 1198,00 416,00 
0:00:04:11 1198,00 416,00 
0:00:04:13 1211,00 420,00 
0:00:04:14 1211,00 420,00 
0:00:04:16 1222,00 424,00 
0:00:04:18 1222,00 424,00 
0:00:04:19 1233,00 428,00 
0:00:04:21 1233,00 428,00 
0:00:04:23 1243,00 430,00 
0:00:04:25 1243,00 430,00 
0:00:04:26 1254,00 430,00 
0:00:04:26 1254,00 430,00 
0:00:04:28 1266,00 430,00 
0:00:04:30 1266,00 430,00 
0:00:04:31 1277,00 430,00 
0:00:04:33 1277,00 430,00 
0:00:04:35 1287,00 430,00 
0:00:04:36 1287,00 430,00 
0:00:04:38 1295,00 428,00 
0:00:04:40 1295,00 428,00 
0:00:04:42 1305,00 428,00 
0:00:04:43 1305,00 428,00 
0:00:04:45 1313,00 426,00 
0:00:04:47 1313,00 426,00 
0:00:04:48 1320,00 428,00 
0:00:04:50 1320,00 428,00 
0:00:04:52 1326,00 430,00 
0:00:04:53 1326,00 430,00 
0:00:04:55 1332,00 438,00 
0:00:04:57 1332,00 438,00 
0:00:04:59 1337,00 452,00 
0:00:04:60 1337,00 452,00 
0:00:04:62 1329,00 458,00 
0:00:04:64 1329,00 458,00 
0:00:04:65 1310,00 461,00 
0:00:04:67 1310,00 461,00 
0:00:04:69 1288,00 463,00 
0:00:04:70 1288,00 463,00 
0:00:04:72 1264,00 469,00 
0:00:04:74 1264,00 469,00 
0:00:04:76 1237,00 471,00 
0:00:04:77 1237,00 471,00 
0:00:04:79 1206,00 471,00 
0:00:04:81 1206,00 471,00 
0:00:04:82 1171,00 465,00 
0:00:04:84 1171,00 465,00 
0:00:04:86 1132,00 457,00 
0:00:04:87 1132,00 457,00 
0:00:04:89 1092,00 449,00 
0:00:04:91 1092,00 449,00 
0:00:04:93 1058,00 443,00 
0:00:04:94 1058,00 443,00 
0:00:04:96 1039,00 439,00 
0:00:04:98 1039,00 439,00 
0:00:04:99 1036,00 434,00 
0:00:05:01 1036,00 434,00 
0:00:05:03 1052,00 430,00 
0:00:05:04 1052,00 430,00 
0:00:05:06 1065,00 428,00 
0:00:05:08 1065,00 428,00 
0:00:05:10 1076,00 430,00 
0:00:05:11 1076,00 430,00 
0:00:05:11 1086,00 434,00 
0:00:05:13 1086,00 434,00 
0:00:05:15 1095,00 436,00 
0:00:05:16 1095,00 436,00 
0:00:05:18 1104,00 440,00 
0:00:05:20 1104,00 440,00 
0:00:05:21 1113,00 444,00 
0:00:05:23 1113,00 444,00 
0:00:05:25 1122,00 448,00 
0:00:05:27 1122,00 448,00 
0:00:05:28 1130,00 452,00 
0:00:05:30 1130,00 452,00 
0:00:05:32 1138,00 454,00 
0:00:05:33 1138,00 454,00 
0:00:05:35 1145,00 456,00 
0:00:05:37 1145,00 456,00 
0:00:05:38 1152,00 456,00 
0:00:05:40 1152,00 456,00 
0:00:05:42 1161,00 458,00 
0:00:05:44 1161,00 458,00 
0:00:05:45 1169,00 458,00 
0:00:05:47 1169,00 458,00 
0:00:05:49 1178,00 458,00 
0:00:05:50 1178,00 458,00 
0:00:05:52 1185,00 456,00 
0:00:05:54 1185,00 456,00 
0:00:05:55 1192,00 456,00 
0:00:05:57 1192,00 456,00 
0:00:05:59 1199,00 454,00 
0:00:05:61 1199,00 454,00 
0:00:05:62 1207,00 454,00 
0:00:05:64 1207,00 454,00 
0:00:05:66 1215,00 456,00 
0:00:05:67 1215,00 456,00 
0:00:05:69 1222,00 458,00 
0:00:05:71 1222,00 458,00 
0:00:05:72 1229,00 464,00 
0:00:05:74 1229,00 464,00 
0:00:05:76 1235,00 474,00 
0:00:05:78 1235,00 474,00 
0:00:05:79 1236,00 485,00 
0:00:05:81 1236,00 485,00 
0:00:05:83 1228,00 489,00 
0:00:05:84 1228,00 489,00 
0:00:05:86 1215,00 493,00 
0:00:05:88 1215,00 493,00 
0:00:05:89 1198,00 495,00 
0:00:05:91 1198,00 495,00 
0:00:05:93 1180,00 501,00 
0:00:05:95 1180,00 501,00 
0:00:05:96 1144,00 508,00 
0:00:05:96 1144,00 508,00 
0:00:05:98 1120,00 508,00 
0:00:06:00 1120,00 508,00 
0:00:06:01 1094,00 504,00 
0:00:06:03 1094,00 504,00 
0:00:06:05 1064,00 498,00 
0:00:06:06 1064,00 498,00 
0:00:06:08 1046,00 485,00 
0:00:06:10 1046,00 485,00 
0:00:06:12 1017,00 479,00 
0:00:06:13 1017,00 479,00 
0:00:06:15 996,00 477,00 
0:00:06:17 996,00 477,00 
0:00:06:18 986,00 473,00 
0:00:06:20 986,00 473,00 
0:00:06:22 993,00 469,00 
0:00:06:23 993,00 469,00 
0:00:06:25 1012,00 463,00 
0:00:06:27 1012,00 463,00 
0:00:06:29 1035,00 461,00 
0:00:06:30 1035,00 461,00 
0:00:06:32 1048,00 461,00 
0:00:06:34 1048,00 461,00 
0:00:06:35 1066,00 461,00 
0:00:06:37 1066,00 461,00 
0:00:06:39 1083,00 463,00 
0:00:06:40 1083,00 463,00 
0:00:06:42 1098,00 465,00 
0:00:06:44 1098,00 465,00 
0:00:06:46 1115,00 469,00 
0:00:06:47 1115,00 469,00 
0:00:06:49 1132,00 473,00 
0:00:06:51 1132,00 473,00 
0:00:06:52 1148,00 477,00 
0:00:06:54 1148,00 477,00 
0:00:06:56 1163,00 479,00 
0:00:06:57 1163,00 479,00 
0:00:06:59 1175,00 481,00 
0:00:06:61 1175,00 481,00 
0:00:06:63 1185,00 483,00 
0:00:06:64 1185,00 483,00 
0:00:06:66 1194,00 483,00 
0:00:06:68 1194,00 483,00 
0:00:06:69 1204,00 483,00 
0:00:06:71 1204,00 483,00 
0:00:06:73 1214,00 483,00 
0:00:06:74 1214,00 483,00 
0:00:06:76 1222,00 483,00 
0:00:06:78 1222,00 483,00 
0:00:06:80 1240,00 483,00 
0:00:06:81 1240,00 483,00 
0:00:06:81 1245,00 483,00 
0:00:06:83 1245,00 483,00 
0:00:06:85 1251,00 483,00 
0:00:06:86 1251,00 483,00 
0:00:06:88 1257,00 483,00 
0:00:06:90 1257,00 483,00 
0:00:06:91 1262,00 485,00 
0:00:06:93 1262,00 485,00 
0:00:06:95 1266,00 489,00 
0:00:06:97 1266,00 489,00 
0:00:06:98 1268,00 497,00 
0:00:07:00 1268,00 497,00 
0:00:07:02 1268,00 507,00 
0:00:07:03 1268,00 507,00 
0:00:07:05 1256,00 513,00 
0:00:07:07 1256,00 513,00 
0:00:07:08 1236,00 515,00 
0:00:07:10 1236,00 515,00 
0:00:07:12 1212,00 517,00 
0:00:07:14 1212,00 517,00 
0:00:07:15 1186,00 521,00 
0:00:07:17 1186,00 521,00 
0:00:07:19 1157,00 523,00 
0:00:07:20 1157,00 523,00 
0:00:07:22 1125,00 521,00 
0:00:07:24 1125,00 521,00 
0:00:07:25 1092,00 515,00 
0:00:07:27 1092,00 515,00 
0:00:07:29 1052,00 505,00 
0:00:07:31 1052,00 505,00 
0:00:07:32 1012,00 497,00 
0:00:07:34 1012,00 497,00 
0:00:07:36 980,00 489,00 
0:00:07:37 980,00 489,00 
0:00:07:39 958,00 483,00 
0:00:07:41 958,00 483,00 
0:00:07:42 954,00 478,00 
0:00:07:44 954,00 478,00 
0:00:07:46 964,00 470,00 
0:00:07:48 964,00 470,00 
0:00:07:49 978,00 464,00 
0:00:07:51 978,00 464,00 
0:00:07:53 986,00 462,00 
0:00:07:54 986,00 462,00 
0:00:07:56 995,00 460,00 
0:00:07:58 995,00 460,00 
0:00:07:59 1003,00 462,00 
0:00:07:61 1003,00 462,00 
0:00:07:63 1011,00 462,00 
0:00:07:65 1011,00 462,00 
0:00:07:66 1019,00 464,00 
0:00:07:66 1019,00 464,00 
0:00:07:68 1028,00 466,00 
0:00:07:70 1028,00 466,00 
0:00:07:71 1036,00 466,00 
0:00:07:73 1036,00 466,00 
0:00:07:75 1045,00 464,00 
0:00:07:76 1045,00 464,00 
0:00:07:78 1051,00 464,00 
0:00:07:80 1051,00 464,00 
0:00:07:82 1059,00 462,00 
0:00:07:83 1059,00 462,00 
0:00:07:85 1067,00 460,00 
0:00:07:87 1067,00 460,00 
0:00:07:88 1076,00 458,00 
0:00:07:90 1076,00 458,00 
0:00:07:92 1083,00 456,00 
0:00:07:93 1083,00 456,00 
0:00:07:95 1090,00 452,00 
0:00:07:97 1090,00 452,00 
0:00:07:99 1098,00 448,00 
0:00:08:00 1098,00 448,00 
0:00:08:02 1105,00 446,00 
0:00:08:04 1105,00 446,00 
0:00:08:05 1111,00 446,00 
0:00:08:07 1111,00 446,00 
0:00:08:09 1118,00 448,00 
0:00:08:10 1118,00 448,00 
0:00:08:12 1126,00 452,00 
0:00:08:14 1126,00 452,00 
0:00:08:16 1134,00 462,00 
0:00:08:17 1134,00 462,00 
0:00:08:19 1133,00 465,00 
0:00:08:21 1133,00 465,00 
0:00:08:22 1123,00 469,00 
0:00:08:24 1123,00 469,00 
0:00:08:26 1109,00 471,00 
0:00:08:27 1109,00 471,00 
0:00:08:29 1094,00 475,00 
0:00:08:31 1094,00 475,00 
0:00:08:33 1075,00 477,00 
0:00:08:34 1075,00 477,00 
0:00:08:36 1053,00 477,00 
0:00:08:38 1053,00 477,00 
0:00:08:39 1029,00 475,00 
0:00:08:41 1029,00 475,00 
0:00:08:43 1000,00 469,00 
0:00:08:44 1000,00 469,00 
0:00:08:46 966,00 461,00 
0:00:08:48 966,00 461,00 
0:00:08:50 936,00 455,00 
0:00:08:51 935,00 455,00 
0:00:08:51 912,00 451,00 
0:00:08:53 912,00 451,00 
0:00:08:55 901,00 447,00 
0:00:08:56 901,00 447,00 
0:00:08:58 905,00 442,00 
0:00:08:60 905,00 442,00 
0:00:08:61 921,00 434,00 
0:00:08:63 921,00 434,00 
0:00:08:65 936,00 432,00 
0:00:08:67 936,00 432,00 
0:00:08:68 947,00 432,00 
0:00:08:70 947,00 432,00 
0:00:08:72 958,00 432,00 
0:00:08:73 958,00 432,00 
0:00:08:75 968,00 432,00 
0:00:08:77 968,00 432,00 
0:00:08:78 978,00 434,00 
0:00:08:80 978,00 434,00 
0:00:08:82 988,00 436,00 
0:00:08:84 988,00 436,00 
0:00:08:85 997,00 436,00 
0:00:08:87 997,00 436,00 
0:00:08:89 1005,00 436,00 
0:00:08:90 1005,00 436,00 
0:00:08:92 1013,00 436,00 
0:00:08:94 1013,00 436,00 
0:00:08:95 1019,00 436,00 
0:00:08:97 1019,00 436,00 
0:00:08:99 1027,00 436,00 
0:00:09:01 1027,00 436,00 
0:00:09:02 1036,00 434,00 
0:00:09:04 1036,00 434,00 
0:00:09:06 1045,00 432,00 
0:00:09:07 1045,00 432,00 
0:00:09:09 1053,00 428,00 
0:00:09:11 1053,00 428,00 
0:00:09:12 1056,00 419,00 
0:00:09:14 1056,00 419,00 
0:00:09:16 1065,00 417,00 
0:00:09:18 1065,00 417,00 
0:00:09:19 1073,00 415,00 
0:00:09:21 1073,00 415,00 
0:00:09:23 1081,00 415,00 
0:00:09:24 1081,00 415,00 
0:00:09:26 1091,00 417,00 
0:00:09:28 1091,00 417,00 
0:00:09:29 1102,00 423,00 
0:00:09:31 1102,00 423,00 
0:00:09:33 1104,00 428,00 
0:00:09:35 1104,00 428,00 
0:00:09:36 1096,00 430,00 
0:00:09:36 1096,00 430,00 
0:00:09:38 1083,00 432,00 
0:00:09:40 1083,00 432,00 
0:00:09:41 1070,00 444,00 
0:00:09:43 1070,00 444,00 
0:00:09:45 1053,00 448,00 
0:00:09:46 1053,00 448,00 
0:00:09:48 1032,00 450,00 
0:00:09:50 1032,00 450,00 
0:00:09:52 1008,00 448,00 
0:00:09:53 1008,00 448,00 
0:00:09:55 980,00 442,00 
0:00:09:57 980,00 442,00 
0:00:09:58 950,00 436,00 
0:00:09:60 950,00 436,00 
0:00:09:62 922,00 430,00 
0:00:09:63 922,00 430,00 
0:00:09:65 898,00 426,00 
0:00:09:67 898,00 426,00 
0:00:09:69 885,00 422,00 
0:00:09:70 885,00 422,00 
0:00:09:72 886,00 419,00 
0:00:09:74 886,00 419,00 
0:00:09:75 904,00 411,00 
0:00:09:77 904,00 411,00 
0:00:09:79 918,00 409,00 
0:00:09:80 918,00 409,00 
0:00:09:82 930,00 409,00 
0:00:09:84 930,00 409,00 
0:00:09:86 940,00 409,00 
0:00:09:87 940,00 409,00 
0:00:09:89 950,00 411,00 
0:00:09:91 950,00 411,00 
0:00:09:92 961,00 413,00 
0:00:09:94 961,00 413,00 
0:00:09:96 970,00 415,00 
0:00:09:97 970,00 415,00 
0:00:09:99 978,00 417,00 
0:00:10:01 978,00 417,00 
0:00:10:03 985,00 421,00 
0:00:10:04 985,00 421,00 
0:00:10:06 990,00 423,00 
0:00:10:08 990,00 423,00 
0:00:10:09 996,00 427,00 
0:00:10:11 996,00 427,00 
0:00:10:13 1002,00 429,00 
0:00:10:14 1002,00 429,00 
0:00:10:16 1009,00 429,00 
0:00:10:18 1009,00 429,00 
0:00:10:20 1016,00 429,00 
0:00:10:21 1016,00 429,00 
0:00:10:21 1022,00 427,00 
0:00:10:23 1022,00 427,00 
0:00:10:25 1027,00 425,00 
0:00:10:26 1027,00 425,00 
0:00:10:28 1032,00 425,00 
0:00:10:30 1032,00 425,00 
0:00:10:31 1037,00 425,00 
0:00:10:33 1037,00 425,00 
0:00:10:35 1042,00 425,00 
0:00:10:37 1042,00 425,00 
0:00:10:38 1045,00 425,00 
0:00:10:40 1045,00 425,00 
0:00:10:42 1048,00 427,00 
0:00:10:43 1048,00 427,00 
0:00:10:45 1052,00 435,00 
0:00:10:47 1052,00 435,00 
0:00:10:48 1051,00 442,00 
0:00:10:50 1051,00 442,00 
0:00:10:52 1040,00 444,00 
0:00:10:54 1040,00 444,00 
0:00:10:55 1024,00 448,00 
0:00:10:57 1024,00 448,00 
0:00:10:59 1006,00 454,00 
0:00:10:60 1006,00 454,00 
0:00:10:62 985,00 458,00 
0:00:10:64 985,00 458,00 
0:00:10:65 958,00 462,00 
0:00:10:67 958,00 462,00 
0:00:10:69 926,00 462,00 
0:00:10:71 926,00 462,00 
0:00:10:72 888,00 456,00 
0:00:10:74 888,00 456,00 
0:00:10:76 848,00 452,00 
0:00:10:77 848,00 452,00 
0:00:10:79 808,00 448,00 
0:00:10:81 808,00 448,00 
0:00:10:82 773,00 446,00 
0:00:10:84 773,00 446,00 
0:00:10:86 748,00 442,00 
0:00:10:88 748,00 442,00 
0:00:10:89 738,00 438,00 
0:00:10:91 738,00 438,00 
0:00:10:93 736,00 433,00 
0:00:10:94 736,00 433,00 
0:00:10:96 746,00 429,00 
0:00:10:98 746,00 429,00 
0:00:10:99 749,00 429,00 
0:00:11:01 749,00 429,00 
0:00:11:03 754,00 429,00 
0:00:11:05 754,00 429,00 
0:00:11:06 759,00 431,00 
0:00:11:06 759,00 431,00 
0:00:11:08 764,00 435,00 
0:00:11:10 764,00 435,00 
0:00:11:11 770,00 439,00 
0:00:11:13 770,00 439,00 
0:00:11:15 777,00 443,00 
0:00:11:16 777,00 443,00 
0:00:11:18 784,00 447,00 
0:00:11:20 784,00 447,00 
0:00:11:22 791,00 451,00 
0:00:11:23 791,00 451,00 
0:00:11:25 798,00 453,00 
0:00:11:27 798,00 453,00 
0:00:11:28 805,00 455,00 
0:00:11:30 805,00 455,00 
0:00:11:32 813,00 455,00 
0:00:11:33 813,00 455,00 
0:00:11:35 821,00 455,00 
0:00:11:37 821,00 455,00 
0:00:11:39 829,00 455,00 
0:00:11:40 829,00 455,00 
0:00:11:42 836,00 455,00 
0:00:11:44 836,00 455,00 
0:00:11:45 842,00 455,00 
0:00:11:47 842,00 455,00 
0:00:11:49 849,00 455,00 
0:00:11:50 849,00 455,00 
0:00:11:52 855,00 455,00 
0:00:11:54 855,00 455,00 
0:00:11:56 861,00 459,00 
0:00:11:57 861,00 459,00 
0:00:11:59 867,00 463,00 
0:00:11:61 867,00 463,00 
0:00:11:62 876,00 471,00 
0:00:11:64 876,00 471,00 
0:00:11:66 882,00 481,00 
0:00:11:67 882,00 481,00 
0:00:11:69 880,00 486,00 
0:00:11:70 880,00 486,00 


