#Kinovea Trajectory data export
#T X Y
0:00:00:00 1464,00 221,00 
0:00:00:03 1478,00 213,00 
0:00:00:06 1487,00 209,00 
0:00:00:10 1502,00 208,00 
0:00:00:13 1518,00 207,00 
0:00:00:16 1533,00 204,00 
0:00:00:20 1550,00 203,00 
0:00:00:23 1566,00 201,00 
0:00:00:26 1582,00 198,00 
0:00:00:30 1599,00 204,00 
0:00:00:33 1613,00 201,00 
0:00:00:36 1625,00 197,00 
0:00:00:40 1629,00 216,00 
0:00:00:43 1634,00 220,00 
0:00:00:46 1634,00 240,00 
0:00:00:50 1621,00 244,00 
0:00:00:53 1597,00 250,00 
0:00:00:56 1568,00 256,00 
0:00:00:60 1532,00 261,00 
0:00:00:63 1488,00 264,00 
0:00:00:66 1441,00 274,00 
0:00:00:70 1384,00 283,00 
0:00:00:73 1418,00 282,00 
0:00:00:76 1275,00 272,00 
0:00:00:80 1221,00 277,00 
0:00:00:83 1173,00 271,00 
0:00:00:86 1139,00 268,00 
0:00:00:90 1119,00 266,00 
0:00:00:93 1120,00 266,00 
0:00:00:96 1136,00 255,00 
0:00:01:00 1155,00 254,00 
0:00:01:03 1173,00 258,00 
0:00:01:06 1194,00 258,00 
0:00:01:10 1214,00 258,00 
0:00:01:13 1233,00 258,00 
0:00:01:16 1252,00 257,00 
0:00:01:20 1271,00 257,00 
0:00:01:23 1285,00 248,00 
0:00:01:26 1320,00 249,00 
0:00:01:30 1337,00 256,00 
0:00:01:33 1360,00 257,00 
0:00:01:36 1380,00 250,00 
0:00:01:40 1403,00 249,00 
0:00:01:43 1425,00 248,00 
0:00:01:46 1448,00 247,00 
0:00:01:50 1470,00 244,00 
0:00:01:53 1492,00 241,00 
0:00:01:56 1514,00 238,00 
0:00:01:60 1537,00 244,00 
0:00:01:63 1557,00 243,00 
0:00:01:66 1573,00 237,00 
0:00:01:70 1587,00 254,00 
0:00:01:73 1599,00 255,00 
0:00:01:76 1598,00 274,00 
0:00:01:80 1593,00 276,00 
0:00:01:83 1579,00 283,00 
0:00:01:86 1559,00 293,00 
0:00:01:90 1531,00 298,00 
0:00:01:93 1495,00 302,00 
0:00:01:96 1456,00 304,00 
0:00:02:00 1415,00 307,00 
0:00:02:03 1367,00 305,00 
0:00:02:06 1326,00 305,00 
0:00:02:10 1285,00 312,00 
0:00:02:13 1240,00 305,00 
0:00:02:16 1222,00 302,00 
0:00:02:20 1209,00 298,00 
0:00:02:23 1219,00 301,00 
0:00:02:26 1242,00 287,00 
0:00:02:30 1267,00 287,00 
0:00:02:33 1283,00 285,00 
0:00:02:36 1304,00 284,00 
0:00:02:40 1329,00 284,00 
0:00:02:43 1353,00 284,00 
0:00:02:46 1391,00 289,00 
0:00:02:50 1413,00 290,00 
0:00:02:53 1435,00 291,00 
0:00:02:56 1455,00 291,00 
0:00:02:60 1474,00 291,00 
0:00:02:63 1492,00 291,00 
0:00:02:66 1522,00 295,00 
0:00:02:70 1537,00 293,00 
0:00:02:73 1551,00 294,00 
0:00:02:76 1556,00 295,00 
0:00:02:80 1565,00 294,00 
0:00:02:83 1572,00 294,00 
0:00:02:87 1580,00 295,00 
0:00:02:90 1591,00 308,00 
0:00:02:93 1596,00 308,00 
0:00:02:97 1599,00 306,00 
0:00:03:00 1602,00 296,00 
0:00:03:03 1600,00 318,00 
0:00:03:07 1596,00 324,00 
0:00:03:10 1584,00 335,00 
0:00:03:13 1566,00 335,00 
0:00:03:17 1535,00 342,00 
0:00:03:20 1499,00 348,00 
0:00:03:23 1456,00 336,00 
0:00:03:27 1405,00 334,00 
0:00:03:30 1346,00 339,00 
0:00:03:33 1292,00 328,00 
0:00:03:37 1226,00 324,00 
0:00:03:40 1166,00 302,00 
0:00:03:43 1109,00 288,00 
0:00:03:47 1062,00 266,00 
0:00:03:50 1057,00 273,00 
0:00:03:53 1050,00 260,00 
0:00:03:57 1065,00 250,00 
0:00:03:60 1090,00 242,00 
0:00:03:63 1102,00 221,00 
0:00:03:67 1122,00 201,00 
0:00:03:70 1144,00 195,00 
0:00:03:73 1164,00 188,00 
0:00:03:77 1185,00 182,00 
0:00:03:80 1208,00 177,00 
0:00:03:83 1230,00 172,00 
0:00:03:87 1258,00 170,00 
0:00:03:90 1282,00 166,00 
0:00:03:93 1308,00 163,00 
0:00:03:97 1333,00 166,00 
0:00:04:00 1356,00 164,00 
0:00:04:03 1377,00 162,00 
0:00:04:07 1398,00 161,00 
0:00:04:10 1417,00 159,00 
0:00:04:13 1434,00 151,00 
0:00:04:17 1452,00 150,00 
0:00:04:20 1468,00 145,00 
0:00:04:23 1482,00 144,00 
0:00:04:27 1491,00 170,00 
0:00:04:30 1498,00 171,00 
0:00:04:33 1477,00 186,00 
0:00:04:37 1463,00 187,00 
0:00:04:40 1436,00 192,00 
0:00:04:43 1400,00 203,00 
0:00:04:47 1361,00 206,00 
0:00:04:50 1314,00 209,00 
0:00:04:53 1262,00 220,00 
0:00:04:57 1205,00 215,00 
0:00:04:60 1148,00 225,00 
0:00:04:63 1088,00 223,00 
0:00:04:67 1041,00 219,00 
0:00:04:70 1002,00 210,00 
0:00:04:73 983,00 208,00 
0:00:04:77 988,00 202,00 
0:00:04:80 1008,00 199,00 
0:00:04:83 1025,00 185,00 
0:00:04:87 1042,00 184,00 
0:00:04:90 1056,00 182,00 
0:00:04:93 1070,00 181,00 
0:00:04:97 1083,00 180,00 
0:00:05:00 1097,00 181,00 
0:00:05:03 1109,00 179,00 
0:00:05:07 1123,00 179,00 
0:00:05:10 1135,00 185,00 
0:00:05:13 1146,00 186,00 
0:00:05:17 1168,00 183,00 
0:00:05:20 1174,00 189,00 
0:00:05:23 1187,00 189,00 
0:00:05:27 1201,00 188,00 
0:00:05:30 1214,00 188,00 
0:00:05:33 1232,00 193,00 
0:00:05:37 1245,00 193,00 
0:00:05:40 1257,00 193,00 
0:00:05:43 1267,00 200,00 
0:00:05:47 1275,00 201,00 
0:00:05:50 1285,00 200,00 
0:00:05:53 1285,00 217,00 
0:00:05:57 1284,00 225,00 
0:00:05:60 1273,00 231,00 
0:00:05:63 1254,00 232,00 
0:00:05:67 1225,00 240,00 
0:00:05:70 1193,00 244,00 


