#Kinovea Trajectory data export
#T X Y
0:00:00:00 1422,00 161,00 
0:00:00:03 1437,00 161,00 
0:00:00:06 1454,00 160,00 
0:00:00:10 1470,00 160,00 
0:00:00:13 1487,00 160,00 
0:00:00:16 1505,00 159,00 
0:00:00:20 1524,00 160,00 
0:00:00:23 1542,00 159,00 
0:00:00:26 1561,00 159,00 
0:00:00:30 1581,00 159,00 
0:00:00:33 1600,00 159,00 
0:00:00:36 1619,00 158,00 
0:00:00:40 1637,00 163,00 
0:00:00:43 1651,00 172,00 
0:00:00:46 1656,00 185,00 
0:00:00:50 1657,00 190,00 
0:00:00:53 1643,00 202,00 
0:00:00:56 1618,00 211,00 
0:00:00:60 1581,00 216,00 
0:00:00:63 1530,00 218,00 
0:00:00:66 1471,00 217,00 
0:00:00:70 1405,00 214,00 
0:00:00:73 1325,00 209,00 
0:00:00:76 1253,00 214,00 
0:00:00:80 1189,00 212,00 
0:00:00:83 1138,00 215,00 
0:00:00:86 1085,00 210,00 
0:00:00:90 1055,00 207,00 
0:00:00:93 1057,00 207,00 
0:00:00:96 1076,00 207,00 
0:00:01:00 1096,00 207,00 
0:00:01:03 1116,00 207,00 
0:00:01:06 1137,00 207,00 
0:00:01:10 1159,00 208,00 
0:00:01:13 1181,00 208,00 
0:00:01:16 1203,00 208,00 
0:00:01:20 1225,00 208,00 
0:00:01:23 1247,00 207,00 
0:00:01:26 1269,00 207,00 
0:00:01:30 1291,00 205,00 
0:00:01:33 1313,00 204,00 
0:00:01:36 1336,00 203,00 
0:00:01:40 1360,00 203,00 
0:00:01:43 1384,00 202,00 
0:00:01:46 1408,00 202,00 
0:00:01:50 1432,00 201,00 
0:00:01:53 1457,00 201,00 
0:00:01:56 1482,00 200,00 
0:00:01:60 1506,00 199,00 
0:00:01:63 1531,00 199,00 
0:00:01:66 1555,00 197,00 
0:00:01:70 1578,00 201,00 
0:00:01:73 1597,00 210,00 
0:00:01:76 1609,00 224,00 
0:00:01:80 1607,00 239,00 
0:00:01:83 1600,00 247,00 
0:00:01:86 1585,00 255,00 
0:00:01:90 1557,00 261,00 
0:00:01:93 1519,00 265,00 
0:00:01:96 1474,00 264,00 
0:00:02:00 1423,00 257,00 
0:00:02:03 1367,00 244,00 
0:00:02:06 1308,00 250,00 
0:00:02:10 1255,00 258,00 
0:00:02:13 1208,00 261,00 
0:00:02:16 1171,00 259,00 
0:00:02:20 1144,00 254,00 
0:00:02:23 1157,00 255,00 
0:00:02:26 1183,00 256,00 
0:00:02:30 1209,00 255,00 
0:00:02:33 1235,00 255,00 
0:00:02:36 1261,00 255,00 
0:00:02:40 1285,00 254,00 
0:00:02:43 1310,00 254,00 
0:00:02:46 1334,00 255,00 
0:00:02:50 1358,00 255,00 
0:00:02:53 1381,00 256,00 
0:00:02:56 1404,00 256,00 
0:00:02:60 1424,00 256,00 
0:00:02:63 1445,00 257,00 
0:00:02:66 1464,00 258,00 
0:00:02:70 1482,00 259,00 
0:00:02:73 1497,00 260,00 
0:00:02:76 1508,00 260,00 
0:00:02:80 1518,00 259,00 
0:00:02:83 1527,00 260,00 
0:00:02:87 1536,00 260,00 
0:00:02:90 1545,00 260,00 
0:00:02:93 1554,00 260,00 
0:00:02:97 1563,00 258,00 
0:00:03:00 1573,00 259,00 
0:00:03:03 1580,00 265,00 
0:00:03:07 1585,00 274,00 
0:00:03:10 1583,00 285,00 
0:00:03:13 1579,00 283,00 
0:00:03:17 1559,00 296,00 
0:00:03:20 1528,00 303,00 
0:00:03:23 1485,00 301,00 
0:00:03:27 1427,00 296,00 
0:00:03:30 1367,00 279,00 
0:00:03:33 1290,00 271,00 
0:00:03:37 1216,00 259,00 
0:00:03:40 1144,00 251,00 
0:00:03:43 1084,00 236,00 
0:00:03:47 1024,00 222,00 
0:00:03:50 992,00 213,00 
0:00:03:53 979,00 200,00 
0:00:03:57 992,00 188,00 
0:00:03:60 1016,00 170,00 
0:00:03:63 1035,00 163,00 
0:00:03:67 1056,00 156,00 
0:00:03:70 1078,00 149,00 
0:00:03:73 1101,00 143,00 
0:00:03:77 1125,00 136,00 
0:00:03:80 1150,00 131,00 
0:00:03:83 1176,00 125,00 
0:00:03:87 1202,00 120,00 
0:00:03:90 1228,00 117,00 
0:00:03:93 1252,00 114,00 
0:00:03:97 1277,00 111,00 
0:00:04:00 1301,00 109,00 
0:00:04:03 1324,00 107,00 
0:00:04:07 1346,00 106,00 
0:00:04:10 1368,00 104,00 
0:00:04:13 1389,00 103,00 
0:00:04:17 1410,00 103,00 
0:00:04:20 1431,00 102,00 
0:00:04:23 1451,00 101,00 
0:00:04:27 1469,00 101,00 
0:00:04:30 1484,00 100,00 
0:00:04:33 1495,00 117,00 
0:00:04:37 1490,00 143,00 
0:00:04:40 1471,00 157,00 
0:00:04:43 1443,00 167,00 
0:00:04:47 1398,00 171,00 
0:00:04:50 1343,00 171,00 
0:00:04:53 1283,00 167,00 
0:00:04:57 1212,00 164,00 
0:00:04:60 1136,00 168,00 
0:00:04:63 1072,00 172,00 
0:00:04:67 999,00 164,00 
0:00:04:70 952,00 166,00 
0:00:04:73 929,00 165,00 
0:00:04:77 936,00 162,00 
0:00:04:80 953,00 160,00 
0:00:04:83 969,00 158,00 
0:00:04:87 985,00 157,00 
0:00:04:90 1000,00 156,00 
0:00:04:93 1018,00 156,00 
0:00:04:97 1032,00 154,00 
0:00:05:00 1046,00 151,00 
0:00:05:03 1060,00 149,00 
0:00:05:07 1075,00 148,00 
0:00:05:10 1090,00 146,00 
0:00:05:13 1104,00 145,00 
0:00:05:17 1118,00 144,00 
0:00:05:20 1133,00 144,00 
0:00:05:23 1147,00 143,00 
0:00:05:27 1161,00 143,00 
0:00:05:30 1176,00 143,00 
0:00:05:33 1191,00 143,00 
0:00:05:37 1207,00 143,00 
0:00:05:40 1223,00 143,00 
0:00:05:43 1239,00 143,00 
0:00:05:47 1256,00 143,00 
0:00:05:50 1271,00 143,00 
0:00:05:53 1284,00 159,00 
0:00:05:57 1292,00 171,00 
0:00:05:60 1291,00 186,00 
0:00:05:63 1294,00 193,00 
0:00:05:67 1274,00 206,00 
0:00:05:70 1242,00 211,00 


